339.90	0.00
340.13	60.00
340.37	59.00
340.60	58.00
340.83	58.00
341.06	58.00
341.29	59.00
341.52	61.00
341.75	64.00
341.98	64.00
342.21	63.00
342.44	63.00
342.67	63.00
342.91	64.00
343.14	68.00
343.37	70.00
343.60	73.00
343.83	74.00
344.06	72.00
344.29	71.00
344.52	69.00
344.75	70.00
344.98	71.00
345.21	69.00
345.44	68.00
345.68	67.00
345.91	68.00
346.14	79.00
346.37	100.00
346.60	111.00
346.83	106.00
347.06	104.00
347.29	114.00
347.52	107.00
347.75	105.00
347.98	107.00
348.21	106.00
348.44	108.00
348.67	106.00
348.90	105.00
349.14	109.00
349.37	116.00
349.60	119.00
349.83	116.00
350.06	119.00
350.29	118.00
350.52	116.00
350.75	116.00
350.98	113.00
351.21	113.00
351.44	118.00
351.67	117.00
351.90	115.00
352.13	116.00
352.36	120.00
352.59	122.00
352.82	123.00
353.05	125.00
353.29	125.00
353.52	128.00
353.75	129.00
353.98	129.00
354.21	129.00
354.44	130.00
354.67	132.00
354.90	146.00
355.13	132.00
355.36	131.00
355.59	128.00
355.82	338.00
356.05	126.00
356.28	132.00
356.51	123.00
356.74	117.00
356.97	126.00
357.20	117.00
357.43	118.00
357.66	118.00
357.89	116.00
358.12	118.00
358.35	123.00
358.58	129.00
358.81	130.00
359.04	140.00
359.27	144.00
359.50	145.00
359.73	137.00
359.96	169.00
360.19	134.00
360.42	129.00
360.65	135.00
360.88	136.00
361.11	141.00
361.34	150.00
361.57	139.00
361.80	145.00
362.03	159.00
362.26	158.00
362.49	168.00
362.72	152.00
362.95	151.00
363.18	180.00
363.41	156.00
363.64	157.00
363.87	161.00
364.10	158.00
364.33	158.00
364.56	188.00
364.79	174.00
365.02	180.00
365.25	182.00
365.48	191.00
365.71	188.00
365.94	186.00
366.17	193.00
366.40	192.00
366.63	191.00
366.86	198.00
367.09	192.00
367.32	191.00
367.55	187.00
367.78	189.00
368.01	196.00
368.24	192.00
368.47	186.00
368.70	204.00
368.93	204.00
369.16	208.00
369.39	207.00
369.62	220.00
369.85	195.00
370.08	200.00
370.31	200.00
370.54	204.00
370.77	220.00
371.00	221.00
371.23	238.00
371.46	205.00
371.69	204.00
371.92	194.00
372.15	208.00
372.38	203.00
372.61	207.00
372.84	197.00
373.07	187.00
373.30	189.00
373.53	197.00
373.76	219.00
373.98	196.00
374.21	198.00
374.44	210.00
374.67	221.00
374.90	241.00
375.13	241.00
375.36	232.00
375.59	226.00
375.82	232.00
376.05	234.00
376.28	257.00
376.51	262.00
376.74	262.00
376.97	286.00
377.20	306.00
377.43	304.00
377.66	309.00
377.89	310.00
378.12	296.00
378.34	276.00
378.57	270.00
378.80	266.00
379.03	263.00
379.26	274.00
379.49	278.00
379.72	291.00
379.95	338.00
380.18	322.00
380.41	308.00
380.64	310.00
380.87	307.00
381.10	295.00
381.33	266.00
381.55	257.00
381.78	264.00
382.01	239.00
382.24	238.00
382.47	229.00
382.70	232.00
382.93	225.00
383.16	235.00
383.39	250.00
383.62	272.00
383.85	295.00
384.08	331.00
384.30	342.00
384.53	339.00
384.76	321.00
384.99	318.00
385.22	332.00
385.45	321.00
385.68	324.00
385.91	340.00
386.14	349.00
386.37	352.00
386.60	340.00
386.82	332.00
387.05	338.00
387.28	360.00
387.51	339.00
387.74	342.00
387.97	347.00
388.20	363.00
388.43	376.00
388.66	431.00
388.88	421.00
389.11	447.00
389.34	441.00
389.57	453.00
389.80	451.00
390.03	442.00
390.26	445.00
390.49	491.00
390.72	523.00
390.94	510.00
391.17	492.00
391.40	472.00
391.63	448.00
391.86	409.00
392.09	392.00
392.32	329.00
392.55	283.00
392.77	249.00
393.00	262.00
393.23	299.00
393.46	353.00
393.69	404.00
393.92	459.00
394.15	485.00
394.38	530.00
394.60	554.00
394.83	569.00
395.06	548.00
395.29	519.00
395.52	484.00
395.75	429.00
395.98	359.00
396.20	324.00
396.43	319.00
396.66	341.00
396.89	427.00
397.12	512.00
397.35	597.00
397.58	654.00
397.80	693.00
398.03	706.00
398.26	733.00
398.49	748.00
398.72	766.00
398.95	781.00
399.17	773.00
399.40	784.00
399.63	759.00
399.86	807.00
400.09	819.00
400.32	804.00
400.54	826.00
400.77	873.00
401.00	896.00
401.23	881.00
401.46	883.00
401.69	891.00
401.91	936.00
402.14	916.00
402.37	907.00
402.60	895.00
402.83	865.00
403.06	867.00
403.28	913.00
403.51	943.00
403.74	934.00
403.97	908.00
404.20	885.00
404.43	897.00
404.65	961.00
404.88	951.00
405.11	943.00
405.34	950.00
405.57	890.00
405.79	909.00
406.02	926.00
406.25	906.00
406.48	959.00
406.71	966.00
406.93	989.00
407.16	988.00
407.39	991.00
407.62	1025.00
407.85	1086.00
408.08	1120.00
408.30	1109.00
408.53	1154.00
408.76	1123.00
408.99	1104.00
409.22	1034.00
409.44	1005.00
409.67	969.00
409.90	973.00
410.13	1062.00
410.35	1137.00
410.58	1209.00
410.81	1195.00
411.04	1246.00
411.27	1256.00
411.49	1234.00
411.72	1258.00
411.95	1205.00
412.18	1219.00
412.41	1186.00
412.63	1210.00
412.86	1185.00
413.09	1255.00
413.32	1257.00
413.54	1311.00
413.77	1292.00
414.00	1279.00
414.23	1277.00
414.46	1292.00
414.68	1263.00
414.91	1331.00
415.14	1290.00
415.37	1295.00
415.59	1349.00
415.82	1393.00
416.05	1379.00
416.28	1356.00
416.50	1315.00
416.73	1267.00
416.96	1275.00
417.19	1282.00
417.41	1313.00
417.64	1301.00
417.87	1351.00
418.10	1337.00
418.33	1356.00
418.55	1374.00
418.78	1391.00
419.01	1389.00
419.24	1396.00
419.46	1308.00
419.69	1346.00
419.92	1428.00
420.14	1477.00
420.37	1515.00
420.60	1524.00
420.83	1560.00
421.05	1514.00
421.28	1552.00
421.51	1503.00
421.74	1472.00
421.96	1469.00
422.19	1369.00
422.42	1378.00
422.65	1475.00
422.87	1533.00
423.10	1554.00
423.33	1688.00
423.56	1532.00
423.78	1599.00
424.01	1613.00
424.24	1611.00
424.46	1571.00
424.69	1555.00
424.92	1595.00
425.15	1595.00
425.37	1615.00
425.60	1593.00
425.83	1583.00
426.05	1674.00
426.28	1657.00
426.51	1595.00
426.74	1513.00
426.96	1504.00
427.19	1588.00
427.42	1697.00
427.64	1692.00
427.87	1639.00
428.10	1608.00
428.33	1561.00
428.55	1554.00
428.78	1559.00
429.01	1572.00
429.23	1463.00
429.46	1398.00
429.69	1274.00
429.92	1265.00
430.14	1266.00
430.37	1274.00
430.60	1330.00
430.82	1480.00
431.05	1737.00
431.28	1946.00
431.50	1963.00
431.73	1867.00
431.96	1794.00
432.18	1727.00
432.41	1843.00
432.64	2039.00
432.86	2049.00
433.09	1915.00
433.32	1785.00
433.55	1665.00
433.77	1705.00
434.00	1823.00
434.23	2001.00
434.45	1954.00
434.68	2059.00
434.91	1965.00
435.13	2035.00
435.36	2150.00
435.59	2161.00
435.81	2137.00
436.04	2228.00
436.27	2219.00
436.49	2166.00
436.72	2129.00
436.95	2110.00
437.17	2069.00
437.40	2053.00
437.63	2027.00
437.85	1933.00
438.08	1785.00
438.31	1937.00
438.53	2077.00
438.76	2093.00
438.99	2146.00
439.21	2166.00
439.44	2205.00
439.66	2161.00
439.89	2114.00
440.12	2097.00
440.34	2193.00
440.57	2284.00
440.80	2327.00
441.02	2317.00
441.25	2298.00
441.48	2367.00
441.70	2428.00
441.93	2425.00
442.16	2435.00
442.38	2439.00
442.61	2347.00
442.83	2382.00
443.06	2363.00
443.29	2389.00
443.51	2431.00
443.74	2483.00
443.97	2481.00
444.19	2551.00
444.42	2570.00
444.64	2467.00
444.87	2474.00
445.10	2329.00
445.32	2283.00
445.55	2321.00
445.78	2434.00
446.00	2503.00
446.23	2468.00
446.45	2547.00
446.68	2625.00
446.91	2666.00
447.13	2745.00
447.36	2679.00
447.59	2695.00
447.81	2659.00
448.04	2610.00
448.26	2777.00
448.49	2689.00
448.72	2639.00
448.94	2745.00
449.17	2763.00
449.39	2795.00
449.62	2817.00
449.85	3037.00
450.07	2985.00
450.30	3076.00
450.52	2993.00
450.75	2985.00
450.98	2927.00
451.20	2911.00
451.43	2973.00
451.65	2921.00
451.88	2869.00
452.10	2774.00
452.33	2777.00
452.56	2670.00
452.78	2753.00
453.01	2831.00
453.23	2938.00
453.46	2939.00
453.69	3016.00
453.91	2935.00
454.14	2933.00
454.36	2869.00
454.59	2873.00
454.81	2983.00
455.04	3021.00
455.27	3110.00
455.49	3149.00
455.72	3177.00
455.94	3109.00
456.17	3147.00
456.39	3153.00
456.62	3185.00
456.85	3233.00
457.07	3236.00
457.30	3217.00
457.52	3189.00
457.75	3029.00
457.97	3131.00
458.20	3069.00
458.42	3113.00
458.65	3289.00
458.88	3170.00
459.10	3208.00
459.33	3195.00
459.55	3230.00
459.78	3242.00
460.00	3294.00
460.23	3377.00
460.45	3501.00
460.68	3489.00
460.91	3411.00
461.13	3469.00
461.36	3423.00
461.58	3463.00
461.81	3493.00
462.03	3557.00
462.26	3557.00
462.48	3469.00
462.71	3501.00
462.93	3529.00
463.16	3439.00
463.38	3393.00
463.61	3488.00
463.83	3475.00
464.06	3465.00
464.29	3397.00
464.51	3429.00
464.74	3519.00
464.96	3585.00
465.19	3500.00
465.41	3641.00
465.64	3688.00
465.86	3537.00
466.09	3558.00
466.31	3376.00
466.54	3431.00
466.76	3633.00
466.99	3707.00
467.21	3751.00
467.44	3770.00
467.66	3673.00
467.89	3731.00
468.11	3710.00
468.34	3738.00
468.56	3803.00
468.79	3811.00
469.01	3817.00
469.24	3815.00
469.46	3775.00
469.69	3705.00
469.91	3639.00
470.14	3709.00
470.36	3797.00
470.59	3811.00
470.81	3837.00
471.04	3845.00
471.26	3847.00
471.49	3845.00
471.71	3837.00
471.94	3837.00
472.16	3837.00
472.39	3841.00
472.61	3837.00
472.84	3841.00
473.06	3837.00
473.29	3837.00
473.51	3839.00
473.74	3837.00
473.96	3841.00
474.18	3835.00
474.41	3837.00
474.63	3839.00
474.86	3835.00
475.08	3839.00
475.31	3841.00
475.53	3839.00
475.76	3837.00
475.98	3841.00
476.21	3833.00
476.43	3838.00
476.66	3836.00
476.88	3835.00
477.11	3839.00
477.33	3839.00
477.55	3837.00
477.78	3837.00
478.00	3837.00
478.23	3839.00
478.45	3837.00
478.68	3837.00
478.90	3837.00
479.13	3839.00
479.35	3835.00
479.57	3837.00
479.80	3839.00
480.02	3839.00
480.25	3835.00
480.47	3841.00
480.70	3837.00
480.92	3837.00
481.15	3841.00
481.37	3837.00
481.59	3836.00
481.82	3840.00
482.04	3837.00
482.27	3839.00
482.49	3837.00
482.72	3837.00
482.94	3840.00
483.16	3837.00
483.39	3839.00
483.61	3839.00
483.84	3839.00
484.06	3837.00
484.29	3837.00
484.51	3841.00
484.73	3839.00
484.96	3837.00
485.18	3839.00
485.41	3839.00
485.63	3837.00
485.85	3837.00
486.08	3835.00
486.30	3839.00
486.53	3837.00
486.75	3835.00
486.97	3837.00
487.20	3837.00
487.42	3835.00
487.65	3839.00
487.87	3839.00
488.09	3837.00
488.32	3839.00
488.54	3841.00
488.77	3837.00
488.99	3837.00
489.21	3839.00
489.44	3841.00
489.66	3841.00
489.89	3839.00
490.11	3838.00
490.33	3836.00
490.56	3837.00
490.78	3840.00
491.01	3839.00
491.23	3838.00
491.45	3839.00
491.68	3838.00
491.90	3839.00
492.12	3839.00
492.35	3839.00
492.57	3841.00
492.80	3837.00
493.02	3837.00
493.24	3837.00
493.47	3841.00
493.69	3839.00
493.91	3840.00
494.14	3837.00
494.36	3839.00
494.59	3841.00
494.81	3839.00
495.03	3837.00
495.26	3837.00
495.48	3839.00
495.70	3841.00
495.93	3837.00
496.15	3841.00
496.37	3839.00
496.60	3839.00
496.82	3839.00
497.04	3839.00
497.27	3837.00
497.49	3838.00
497.71	3837.00
497.94	3837.00
498.16	3837.00
498.39	3839.00
498.61	3839.00
498.83	3839.00
499.06	3835.00
499.28	3837.00
499.50	3837.00
499.73	3839.00
499.95	3837.00
500.17	3837.00
500.40	3837.00
500.62	3838.00
500.84	3837.00
501.07	3837.00
501.29	3837.00
501.51	3837.00
501.74	3837.00
501.96	3841.00
502.18	3835.00
502.40	3837.00
502.63	3837.00
502.85	3837.00
503.07	3837.00
503.30	3833.00
503.52	3835.00
503.74	3839.00
503.97	3837.00
504.19	3837.00
504.41	3839.00
504.64	3839.00
504.86	3839.00
505.08	3835.00
505.31	3837.00
505.53	3839.00
505.75	3839.00
505.97	3837.00
506.20	3837.00
506.42	3841.00
506.64	3838.00
506.87	3839.00
507.09	3839.00
507.31	3839.00
507.53	3839.00
507.76	3839.00
507.98	3839.00
508.20	3838.00
508.43	3835.00
508.65	3835.00
508.87	3839.00
509.09	3837.00
509.32	3837.00
509.54	3838.00
509.76	3841.00
509.99	3837.00
510.21	3835.00
510.43	3837.00
510.65	3831.00
510.88	3835.00
511.10	3837.00
511.32	3839.00
511.55	3837.00
511.77	3840.00
511.99	3839.00
512.21	3837.00
512.44	3837.00
512.66	3839.00
512.88	3839.00
513.10	3837.00
513.33	3837.00
513.55	3839.00
513.77	3837.00
513.99	3839.00
514.22	3837.00
514.44	3838.00
514.66	3837.00
514.88	3836.00
515.11	3837.00
515.33	3839.00
515.55	3839.00
515.77	3837.00
516.00	3837.00
516.22	3835.00
516.44	3837.00
516.66	3841.00
516.89	3837.00
517.11	3841.00
517.33	3835.00
517.55	3837.00
517.78	3841.00
518.00	3839.00
518.22	3839.00
518.44	3840.00
518.66	3837.00
518.89	3837.00
519.11	3837.00
519.33	3837.00
519.55	3837.00
519.78	3839.00
520.00	3839.00
520.22	3839.00
520.44	3839.00
520.66	3835.00
520.89	3839.00
521.11	3835.00
521.33	3839.00
521.55	3841.00
521.78	3835.00
522.00	3837.00
522.22	3839.00
522.44	3839.00
522.66	3840.00
522.89	3841.00
523.11	3837.00
523.33	3837.00
523.55	3838.00
523.77	3837.00
524.00	3839.00
524.22	3839.00
524.44	3837.00
524.66	3841.00
524.88	3839.00
525.11	3840.00
525.33	3837.00
525.55	3837.00
525.77	3838.00
525.99	3837.00
526.21	3837.00
526.44	3839.00
526.66	3837.00
526.88	3835.00
527.10	3839.00
527.32	3843.00
527.55	3837.00
527.77	3837.00
527.99	3839.00
528.21	3837.00
528.43	3839.00
528.65	3838.00
528.88	3841.00
529.10	3837.00
529.32	3837.00
529.54	3837.00
529.76	3837.00
529.98	3837.00
530.21	3839.00
530.43	3837.00
530.65	3839.00
530.87	3836.00
531.09	3837.00
531.31	3837.00
531.54	3839.00
531.76	3837.00
531.98	3839.00
532.20	3837.00
532.42	3837.00
532.64	3837.00
532.86	3839.00
533.09	3839.00
533.31	3839.00
533.53	3839.00
533.75	3837.00
533.97	3839.00
534.19	3835.00
534.41	3841.00
534.64	3839.00
534.86	3837.00
535.08	3837.00
535.30	3839.00
535.52	3839.00
535.74	3837.00
535.96	3837.00
536.18	3833.00
536.41	3839.00
536.63	3839.00
536.85	3839.00
537.07	3837.00
537.29	3837.00
537.51	3835.00
537.73	3839.00
537.95	3839.00
538.18	3839.00
538.40	3837.00
538.62	3837.00
538.84	3837.00
539.06	3835.00
539.28	3839.00
539.50	3837.00
539.72	3839.00
539.94	3833.00
540.16	3837.00
540.39	3839.00
540.61	3838.00
540.83	3837.00
541.05	3839.00
541.27	3837.00
541.49	3837.00
541.71	3839.00
541.93	3839.00
542.15	3837.00
542.37	3837.00
542.60	3837.00
542.82	3839.00
543.04	3836.00
543.26	3836.00
543.48	3839.00
543.70	3837.00
543.92	3839.00
544.14	3839.00
544.36	3836.00
544.58	3839.00
544.80	3839.00
545.02	3839.00
545.25	3838.00
545.47	3839.00
545.69	3837.00
545.91	3837.00
546.13	3838.00
546.35	3837.00
546.57	3837.00
546.79	3838.00
547.01	3841.00
547.23	3835.00
547.45	3839.00
547.67	3837.00
547.89	3835.00
548.11	3839.00
548.33	3835.00
548.55	3837.00
548.77	3838.00
549.00	3837.00
549.22	3841.00
549.44	3837.00
549.66	3837.00
549.88	3843.00
550.10	3839.00
550.32	3837.00
550.54	3841.00
550.76	3839.00
550.98	3839.00
551.20	3837.00
551.42	3839.00
551.64	3837.00
551.86	3837.00
552.08	3839.00
552.30	3837.00
552.52	3841.00
552.74	3839.00
552.96	3840.00
553.18	3841.00
553.40	3839.00
553.62	3839.00
553.84	3838.00
554.06	3839.00
554.28	3839.00
554.50	3837.00
554.72	3839.00
554.94	3839.00
555.16	3839.00
555.38	3841.00
555.60	3839.00
555.82	3839.00
556.04	3837.00
556.26	3839.00
556.48	3839.00
556.70	3837.00
556.92	3838.00
557.14	3841.00
557.36	3837.00
557.58	3837.00
557.80	3835.00
558.02	3839.00
558.24	3841.00
558.46	3837.00
558.68	3841.00
558.90	3839.00
559.12	3836.00
559.34	3839.00
559.56	3838.00
559.78	3839.00
560.00	3837.00
560.22	3837.00
560.44	3835.00
560.66	3839.00
560.88	3837.00
561.10	3841.00
561.32	3839.00
561.54	3838.00
561.76	3836.00
561.98	3837.00
562.20	3839.00
562.42	3839.00
562.64	3839.00
562.86	3839.00
563.08	3837.00
563.30	3837.00
563.52	3835.00
563.74	3841.00
563.96	3839.00
564.18	3837.00
564.40	3837.00
564.62	3841.00
564.84	3837.00
565.06	3838.00
565.28	3837.00
565.49	3839.00
565.71	3837.00
565.93	3841.00
566.15	3839.00
566.37	3841.00
566.59	3840.00
566.81	3837.00
567.03	3840.00
567.25	3837.00
567.47	3839.00
567.69	3839.00
567.91	3839.00
568.13	3835.00
568.35	3837.00
568.57	3839.00
568.79	3837.00
569.00	3839.00
569.22	3838.00
569.44	3837.00
569.66	3838.00
569.88	3839.00
570.10	3838.00
570.32	3837.00
570.54	3835.00
570.76	3837.00
570.98	3837.00
571.20	3835.00
571.42	3839.00
571.63	3839.00
571.85	3837.00
572.07	3835.00
572.29	3837.00
572.51	3837.00
572.73	3839.00
572.95	3837.00
573.17	3840.00
573.39	3837.00
573.61	3837.00
573.82	3839.00
574.04	3837.00
574.26	3841.00
574.48	3841.00
574.70	3837.00
574.92	3836.00
575.14	3837.00
575.36	3837.00
575.58	3839.00
575.80	3837.00
576.01	3837.00
576.23	3839.00
576.45	3839.00
576.67	3839.00
576.89	3837.00
577.11	3837.00
577.33	3837.00
577.55	3837.00
577.76	3838.00
577.98	3837.00
578.20	3840.00
578.42	3839.00
578.64	3837.00
578.86	3839.00
579.08	3837.00
579.29	3837.00
579.51	3839.00
579.73	3837.00
579.95	3839.00
580.17	3837.00
580.39	3837.00
580.61	3839.00
580.82	3843.00
581.04	3839.00
581.26	3839.00
581.48	3837.00
581.70	3837.00
581.92	3837.00
582.14	3837.00
582.35	3837.00
582.57	3839.00
582.79	3840.00
583.01	3837.00
583.23	3836.00
583.45	3837.00
583.66	3837.00
583.88	3836.00
584.10	3836.00
584.32	3837.00
584.54	3839.00
584.76	3839.00
584.97	3837.00
585.19	3837.00
585.41	3837.00
585.63	3835.00
585.85	3838.00
586.06	3839.00
586.28	3835.00
586.50	3837.00
586.72	3839.00
586.94	3837.00
587.16	3839.00
587.37	3841.00
587.59	3837.00
587.81	3837.00
588.03	3835.00
588.25	3837.00
588.46	3839.00
588.68	3837.00
588.90	3841.00
589.12	3837.00
589.34	3839.00
589.55	3839.00
589.77	3837.00
589.99	3837.00
590.21	3841.00
590.43	3837.00
590.64	3839.00
590.86	3836.00
591.08	3841.00
591.30	3836.00
591.52	3837.00
591.73	3839.00
591.95	3840.00
592.17	3837.00
592.39	3837.00
592.60	3837.00
592.82	3835.00
593.04	3841.00
593.26	3839.00
593.47	3839.00
593.69	3837.00
593.91	3835.00
594.13	3837.00
594.35	3837.00
594.56	3837.00
594.78	3837.00
595.00	3835.00
595.22	3837.00
595.43	3837.00
595.65	3837.00
595.87	3840.00
596.09	3837.00
596.30	3837.00
596.52	3839.00
596.74	3841.00
596.96	3837.00
597.17	3837.00
597.39	3839.00
597.61	3833.00
597.83	3839.00
598.04	3837.00
598.26	3837.00
598.48	3839.00
598.70	3839.00
598.91	3838.00
599.13	3838.00
599.35	3837.00
599.56	3837.00
599.78	3838.00
600.00	3835.00
600.22	3839.00
600.43	3837.00
600.65	3837.00
600.87	3839.00
601.09	3837.00
601.30	3837.00
601.52	3837.00
601.74	3837.00
601.95	3834.00
602.17	3835.00
602.39	3837.00
602.61	3839.00
602.82	3837.00
603.04	3837.00
603.26	3839.00
603.47	3837.00
603.69	3839.00
603.91	3839.00
604.13	3839.00
604.34	3837.00
604.56	3840.00
604.78	3839.00
604.99	3836.00
605.21	3837.00
605.43	3840.00
605.64	3836.00
605.86	3839.00
606.08	3838.00
606.29	3838.00
606.51	3840.00
606.73	3839.00
606.94	3839.00
607.16	3837.00
607.38	3837.00
607.60	3838.00
607.81	3835.00
608.03	3837.00
608.25	3837.00
608.46	3839.00
608.68	3837.00
608.90	3839.00
609.11	3837.00
609.33	3835.00
609.55	3837.00
609.76	3837.00
609.98	3839.00
610.20	3837.00
610.41	3841.00
610.63	3839.00
610.85	3838.00
611.06	3835.00
611.28	3839.00
611.49	3838.00
611.71	3839.00
611.93	3838.00
612.14	3837.00
612.36	3839.00
612.58	3839.00
612.79	3835.00
613.01	3841.00
613.23	3839.00
613.44	3838.00
613.66	3836.00
613.88	3836.00
614.09	3839.00
614.31	3839.00
614.52	3837.00
614.74	3837.00
614.96	3837.00
615.17	3839.00
615.39	3839.00
615.61	3837.00
615.82	3841.00
616.04	3837.00
616.25	3837.00
616.47	3837.00
616.69	3835.00
616.90	3837.00
617.12	3838.00
617.34	3835.00
617.55	3837.00
617.77	3837.00
617.98	3839.00
618.20	3839.00
618.42	3836.00
618.63	3837.00
618.85	3841.00
619.06	3837.00
619.28	3841.00
619.50	3837.00
619.71	3837.00
619.93	3839.00
620.14	3839.00
620.36	3837.00
620.58	3839.00
620.79	3835.00
621.01	3838.00
621.22	3839.00
621.44	3838.00
621.65	3837.00
621.87	3839.00
622.09	3835.00
622.30	3840.00
622.52	3837.00
622.73	3837.00
622.95	3835.00
623.16	3835.00
623.38	3837.00
623.60	3835.00
623.81	3837.00
624.03	3837.00
624.24	3835.00
624.46	3834.00
624.67	3837.00
624.89	3837.00
625.11	3837.00
625.32	3837.00
625.54	3837.00
625.75	3837.00
625.97	3835.00
626.18	3837.00
626.40	3836.00
626.61	3836.00
626.83	3837.00
627.05	3837.00
627.26	3841.00
627.48	3839.00
627.69	3841.00
627.91	3835.00
628.12	3835.00
628.34	3839.00
628.55	3837.00
628.77	3836.00
628.98	3836.00
629.20	3838.00
629.41	3836.00
629.63	3838.00
629.84	3839.00
630.06	3837.00
630.28	3839.00
630.49	3838.00
630.71	3839.00
630.92	3839.00
631.14	3839.00
631.35	3837.00
631.57	3837.00
631.78	3837.00
632.00	3835.00
632.21	3837.00
632.43	3839.00
632.64	3837.00
632.86	3837.00
633.07	3837.00
633.29	3837.00
633.50	3835.00
633.72	3837.00
633.93	3837.00
634.15	3837.00
634.36	3839.00
634.58	3839.00
634.79	3841.00
635.01	3837.00
635.22	3841.00
635.44	3836.00
635.65	3839.00
635.87	3837.00
636.08	3837.00
636.30	3838.00
636.51	3837.00
636.73	3837.00
636.94	3839.00
637.16	3837.00
637.37	3836.00
637.58	3837.00
637.80	3837.00
638.01	3839.00
638.23	3839.00
638.44	3839.00
638.66	3835.00
638.87	3841.00
639.09	3839.00
639.30	3839.00
639.52	3835.00
639.73	3837.00
639.95	3839.00
640.16	3837.00
640.37	3839.00
640.59	3837.00
640.80	3835.00
641.02	3837.00
641.23	3837.00
641.45	3837.00
641.66	3837.00
641.88	3841.00
642.09	3837.00
642.30	3839.00
642.52	3841.00
642.73	3839.00
642.95	3835.00
643.16	3839.00
643.38	3835.00
643.59	3839.00
643.80	3837.00
644.02	3837.00
644.23	3837.00
644.45	3838.00
644.66	3837.00
644.88	3838.00
645.09	3838.00
645.30	3836.00
645.52	3839.00
645.73	3837.00
645.95	3835.00
646.16	3837.00
646.38	3839.00
646.59	3837.00
646.80	3837.00
647.02	3839.00
647.23	3840.00
647.45	3837.00
647.66	3839.00
647.87	3837.00
648.09	3837.00
648.30	3837.00
648.52	3838.00
648.73	3837.00
648.94	3837.00
649.16	3837.00
649.37	3837.00
649.58	3841.00
649.80	3837.00
650.01	3837.00
650.23	3837.00
650.44	3839.00
650.65	3839.00
650.87	3835.00
651.08	3837.00
651.30	3835.00
651.51	3836.00
651.72	3837.00
651.94	3838.00
652.15	3837.00
652.36	3837.00
652.58	3841.00
652.79	3835.00
653.00	3833.00
653.22	3839.00
653.43	3837.00
653.65	3837.00
653.86	3836.00
654.07	3837.00
654.29	3835.00
654.50	3837.00
654.71	3837.00
654.93	3833.00
655.14	3837.00
655.35	3833.00
655.57	3837.00
655.78	3833.00
655.99	3837.00
656.21	3837.00
656.42	3837.00
656.63	3838.00
656.85	3835.00
657.06	3839.00
657.27	3837.00
657.49	3837.00
657.70	3837.00
657.91	3835.00
658.13	3837.00
658.34	3839.00
658.55	3837.00
658.77	3836.00
658.98	3839.00
659.19	3837.00
659.41	3837.00
659.62	3837.00
659.83	3836.00
660.05	3839.00
660.26	3837.00
660.47	3839.00
660.69	3839.00
660.90	3839.00
661.11	3837.00
661.32	3837.00
661.54	3841.00
661.75	3835.00
661.96	3837.00
662.18	3834.00
662.39	3835.00
662.60	3837.00
662.82	3837.00
663.03	3837.00
663.24	3831.00
663.45	3839.00
663.67	3835.00
663.88	3837.00
664.09	3837.00
664.30	3837.00
664.52	3835.00
664.73	3839.00
664.94	3837.00
665.16	3841.00
665.37	3837.00
665.58	3841.00
665.79	3837.00
666.01	3838.00
666.22	3839.00
666.43	3838.00
666.64	3841.00
666.86	3837.00
667.07	3838.00
667.28	3837.00
667.50	3833.00
667.71	3837.00
667.92	3837.00
668.13	3839.00
668.35	3839.00
668.56	3837.00
668.77	3833.00
668.98	3839.00
669.20	3835.00
669.41	3837.00
669.62	3837.00
669.83	3839.00
670.04	3838.00
670.26	3837.00
670.47	3837.00
670.68	3837.00
670.89	3838.00
671.11	3839.00
671.32	3837.00
671.53	3837.00
671.74	3837.00
671.96	3837.00
672.17	3837.00
672.38	3841.00
672.59	3839.00
672.80	3835.00
673.02	3835.00
673.23	3837.00
673.44	3837.00
673.65	3837.00
673.87	3839.00
674.08	3837.00
674.29	3835.00
674.50	3839.00
674.71	3837.00
674.93	3839.00
675.14	3833.00
675.35	3837.00
675.56	3838.00
675.77	3835.00
675.99	3839.00
676.20	3837.00
676.41	3839.00
676.62	3837.00
676.83	3841.00
677.04	3838.00
677.26	3837.00
677.47	3835.00
677.68	3837.00
677.89	3837.00
678.10	3837.00
678.32	3839.00
678.53	3837.00
678.74	3837.00
678.95	3839.00
679.16	3839.00
679.37	3839.00
679.59	3837.00
679.80	3838.00
680.01	3837.00
680.22	3839.00
680.43	3837.00
680.64	3837.00
680.86	3837.00
681.07	3833.00
681.28	3837.00
681.49	3835.00
681.70	3835.00
681.91	3839.00
682.12	3840.00
682.34	3833.00
682.55	3837.00
682.76	3839.00
682.97	3837.00
683.18	3837.00
683.39	3833.00
683.60	3839.00
683.82	3833.00
684.03	3837.00
684.24	3834.00
684.45	3837.00
684.66	3837.00
684.87	3837.00
685.08	3837.00
685.30	3839.00
685.51	3837.00
685.72	3837.00
685.93	3845.00
686.14	3823.00
686.35	3614.00
686.56	3703.00
686.77	3833.00
686.98	3841.00
687.20	3835.00
687.41	3837.00
687.62	3835.00
687.83	3839.00
688.04	3836.00
688.25	3838.00
688.46	3837.00
688.67	3837.00
688.88	3837.00
689.09	3837.00
689.31	3837.00
689.52	3839.00
689.73	3835.00
689.94	3837.00
690.15	3839.00
690.36	3837.00
690.57	3837.00
690.78	3835.00
690.99	3837.00
691.20	3837.00
691.41	3837.00
691.62	3833.00
691.84	3836.00
692.05	3835.00
692.26	3839.00
692.47	3841.00
692.68	3835.00
692.89	3837.00
693.10	3838.00
693.31	3839.00
693.52	3840.00
693.73	3837.00
693.94	3837.00
694.15	3836.00
694.36	3839.00
694.57	3837.00
694.78	3839.00
694.99	3837.00
695.21	3839.00
695.42	3837.00
695.63	3836.00
695.84	3837.00
696.05	3836.00
696.26	3837.00
696.47	3835.00
696.68	3839.00
696.89	3837.00
697.10	3837.00
697.31	3838.00
697.52	3835.00
697.73	3837.00
697.94	3838.00
698.15	3839.00
698.36	3837.00
698.57	3835.00
698.78	3837.00
698.99	3835.00
699.20	3839.00
699.41	3839.00
699.62	3837.00
699.83	3839.00
700.04	3837.00
700.25	3837.00
700.46	3838.00
700.67	3837.00
700.88	3837.00
701.09	3837.00
701.30	3837.00
701.51	3841.00
701.72	3837.00
701.93	3837.00
702.14	3837.00
702.35	3835.00
702.56	3835.00
702.77	3840.00
702.98	3839.00
703.19	3837.00
703.40	3835.00
703.61	3837.00
703.82	3838.00
704.03	3838.00
704.24	3837.00
704.45	3837.00
704.66	3837.00
704.87	3837.00
705.08	3837.00
705.29	3837.00
705.50	3839.00
705.71	3835.00
705.92	3837.00
706.13	3837.00
706.34	3837.00
706.55	3837.00
706.76	3837.00
706.97	3837.00
707.18	3839.00
707.39	3839.00
707.60	3837.00
707.80	3837.00
708.01	3837.00
708.22	3837.00
708.43	3837.00
708.64	3839.00
708.85	3839.00
709.06	3835.00
709.27	3836.00
709.48	3837.00
709.69	3836.00
709.90	3837.00
710.11	3835.00
710.32	3836.00
710.53	3838.00
710.74	3839.00
710.95	3839.00
711.15	3836.00
711.36	3835.00
711.57	3836.00
711.78	3837.00
711.99	3837.00
712.20	3839.00
712.41	3841.00
712.62	3837.00
712.83	3839.00
713.04	3841.00
713.25	3837.00
713.46	3839.00
713.66	3839.00
713.87	3841.00
714.08	3839.00
714.29	3839.00
714.50	3841.00
714.71	3841.00
714.92	3843.00
715.13	3843.00
715.34	3489.00
715.54	2844.00
715.75	2645.00
715.96	2401.00
716.17	2437.00
716.38	2225.00
716.59	2539.00
716.80	2761.00
717.01	2729.00
717.22	2285.00
717.42	2049.00
717.63	2477.00
717.84	2324.00
718.05	2257.00
718.26	2385.00
718.47	2409.00
718.68	2290.00
718.88	2207.00
719.09	2237.00
719.30	2321.00
719.51	2745.00
719.72	2926.00
719.93	3369.00
720.14	3449.00
720.34	3289.00
720.55	3283.00
720.76	3433.00
720.97	3193.00
721.18	3323.00
721.39	3155.00
721.60	3250.00
721.80	3073.00
722.01	2543.00
722.22	2239.00
722.43	2587.00
722.64	2515.00
722.85	2621.00
723.05	2477.00
723.26	2495.00
723.47	2609.00
723.68	2619.00
723.89	2289.00
724.10	2569.00
724.30	2573.00
724.51	2622.00
724.72	2569.00
724.93	2495.00
725.14	2221.00
725.34	2562.00
725.55	2644.00
725.76	2824.00
725.97	2654.00
726.18	2333.00
726.38	1989.00
726.59	2295.00
726.80	2567.00
727.01	2960.00
727.22	3107.00
727.42	2689.00
727.63	2274.00
727.84	2141.00
728.05	2221.00
728.26	2551.00
728.46	2711.00
728.67	2593.00
728.88	2297.00
729.09	2389.00
729.29	2711.00
729.50	2494.00
729.71	2441.00
729.92	2603.00
730.13	2727.00
730.33	2536.00
730.54	2671.00
730.75	2941.00
730.96	3013.00
731.16	3077.00
731.37	3005.00
731.58	3041.00
731.79	2993.00
731.99	2919.00
732.20	2973.00
732.41	3143.00
732.62	3207.00
732.82	3061.00
733.03	3062.00
733.24	3114.00
733.45	2945.00
733.65	2951.00
733.86	3051.00
734.07	2983.00
734.28	2998.00
734.48	2955.00
734.69	2886.00
734.90	2927.00
735.11	2891.00
735.31	2947.00
735.52	2935.00
735.73	2964.00
735.94	3023.00
736.14	3037.00
736.35	3025.00
736.56	3105.00
736.76	2999.00
736.97	3011.00
737.18	2987.00
737.39	2981.00
737.59	2845.00
737.80	2823.00
738.01	2907.00
738.21	2961.00
738.42	3040.00
738.63	3013.00
738.83	3106.00
739.04	3089.00
739.25	3077.00
739.46	2968.00
739.66	2927.00
739.87	2889.00
740.08	2955.00
740.28	3085.00
740.49	3088.00
740.70	2979.00
740.90	3025.00
741.11	3041.00
741.32	3063.00
741.52	3097.00
741.73	3101.00
741.94	3037.00
742.14	3001.00
742.35	3027.00
742.56	3003.00
742.76	2931.00
742.97	2967.00
743.18	3009.00
743.38	3023.00
743.59	3047.00
743.80	2996.00
744.00	2979.00
744.21	3027.00
744.42	2999.00
744.62	2921.00
744.83	2921.00
745.04	2877.00
745.24	2959.00
745.45	2943.00
745.66	2975.00
745.86	2951.00
746.07	2880.00
746.28	2905.00
746.48	2923.00
746.69	2877.00
746.89	2879.00
747.10	2843.00
747.31	2853.00
747.51	2821.00
747.72	2793.00
747.93	2779.00
748.13	2849.00
748.34	2773.00
748.54	2843.00
748.75	2801.00
748.96	2769.00
749.16	2749.00
749.37	2729.00
749.58	2657.00
749.78	2753.00
749.99	2813.00
750.19	2800.00
750.40	2771.00
750.61	2685.00
750.81	2705.00
751.02	2728.00
751.22	2724.00
751.43	2685.00
751.64	2645.00
751.84	2700.00
752.05	2713.00
752.25	2721.00
752.46	2729.00
752.66	2699.00
752.87	2637.00
753.08	2673.00
753.28	2759.00
753.49	2703.00
753.69	2634.00
753.90	2583.00
754.11	2581.00
754.31	2597.00
754.52	2611.00
754.72	2606.00
754.93	2599.00
755.13	2557.00
755.34	2573.00
755.54	2585.00
755.75	2543.00
755.96	2572.00
756.16	2621.00
756.37	2597.00
756.57	2547.00
756.78	2529.00
756.98	2438.00
757.19	2409.00
757.39	2411.00
757.60	2279.00
757.81	1637.00
758.01	1132.00
758.22	875.00
758.42	705.00
758.63	553.00
758.83	515.00
759.04	514.00
759.24	547.00
759.45	656.00
759.65	837.00
759.86	1039.00
760.06	1550.00
760.27	1686.00
760.47	1555.00
760.68	1333.00
760.88	1222.00
761.09	1058.00
761.29	1087.00
761.50	1047.00
761.70	1066.00
761.91	1094.00
762.11	1249.00
762.32	1163.00
762.52	1326.00
762.73	1247.00
762.93	1458.00
763.14	1357.00
763.34	1466.00
763.55	1541.00
763.75	1483.00
763.96	1661.00
764.16	1602.00
764.37	1713.00
764.57	1764.00
764.78	1681.00
764.98	1873.00
765.19	1913.00
765.39	1891.00
765.60	1954.00
765.80	1988.00
766.01	1995.00
766.21	2088.00
766.42	2113.00
766.62	2084.00
766.83	2175.00
767.03	2186.00
767.24	2144.00
767.44	2143.00
767.64	2227.00
767.85	2231.00
768.05	2177.00
768.26	2157.00
768.46	2215.00
768.67	2223.00
768.87	2252.00
769.08	2194.00
769.28	2163.00
769.48	2120.00
769.69	2057.00
769.89	2067.00
770.10	2097.00
770.30	2085.00
770.51	2080.00
770.71	2145.00
770.91	2119.00
771.12	2115.00
771.32	2101.00
771.53	2122.00
771.73	2098.00
771.94	2124.00
772.14	2085.00
772.34	2033.00
772.55	2013.00
772.75	2001.00
772.96	1980.00
773.16	2015.00
773.36	2021.00
773.57	1990.00
773.77	1907.00
773.98	1959.00
774.18	1975.00
774.38	2001.00
774.59	1919.00
774.79	1903.00
775.00	1899.00
775.20	1859.00
775.40	1860.00
775.61	1831.00
775.81	1805.00
776.02	1776.00
776.22	1783.00
776.42	1862.00
776.63	1879.00
776.83	1798.00
777.04	1799.00
777.24	1779.00
777.44	1826.00
777.65	1774.00
777.85	1706.00
778.05	1690.00
778.26	1721.00
778.46	1727.00
778.66	1677.00
778.87	1660.00
779.07	1615.00
779.28	1627.00
779.48	1658.00
779.68	1573.00
779.89	1583.00
780.09	1575.00
780.29	1560.00
780.50	1601.00
780.70	1604.00
780.90	1579.00
781.11	1537.00
781.31	1497.00
781.51	1487.00
781.72	1441.00
781.92	1479.00
782.12	1439.00
782.33	1433.00
782.53	1412.00
782.73	1443.00
782.94	1448.00
783.14	1400.00
783.34	1355.00
783.55	1318.00
783.75	1389.00
783.95	1271.00
784.15	1262.00
784.36	1217.00
784.56	1176.00
784.76	1190.00
784.97	1162.00
785.17	1151.00
785.37	1137.00
785.58	1151.00
785.78	1151.00
785.98	1127.00
786.19	1128.00
786.39	1158.00
786.59	1105.00
786.79	1079.00
787.00	1063.00
