339.90	0.00
340.13	60.00
340.37	59.00
340.60	59.00
340.83	59.00
341.06	59.00
341.29	60.00
341.52	62.00
341.75	65.00
341.98	66.00
342.21	65.00
342.44	65.00
342.67	66.00
342.91	67.00
343.14	69.00
343.37	70.00
343.60	72.00
343.83	73.00
344.06	70.00
344.29	68.00
344.52	68.00
344.75	66.00
344.98	67.00
345.21	67.00
345.44	66.00
345.68	66.00
345.91	68.00
346.14	78.00
346.37	92.00
346.60	100.00
346.83	102.00
347.06	104.00
347.29	111.00
347.52	107.00
347.75	102.00
347.98	102.00
348.21	101.00
348.44	100.00
348.67	104.00
348.90	105.00
349.14	112.00
349.37	113.00
349.60	114.00
349.83	119.00
350.06	117.00
350.29	115.00
350.52	112.00
350.75	113.00
350.98	113.00
351.21	113.00
351.44	118.00
351.67	115.00
351.90	116.00
352.13	110.00
352.36	111.00
352.59	115.00
352.82	115.00
353.05	119.00
353.29	122.00
353.52	127.00
353.75	124.00
353.98	128.00
354.21	125.00
354.44	125.00
354.67	126.00
354.90	132.00
355.13	125.00
355.36	126.00
355.59	122.00
355.82	277.00
356.05	122.00
356.28	126.00
356.51	116.00
356.74	112.00
356.97	122.00
357.20	119.00
357.43	114.00
357.66	112.00
357.89	112.00
358.12	114.00
358.35	118.00
358.58	128.00
358.81	128.00
359.04	137.00
359.27	137.00
359.50	139.00
359.73	136.00
359.96	204.00
360.19	134.00
360.42	128.00
360.65	133.00
360.88	130.00
361.11	131.00
361.34	142.00
361.57	140.00
361.80	143.00
362.03	156.00
362.26	147.00
362.49	156.00
362.72	148.00
362.95	149.00
363.18	171.00
363.41	156.00
363.64	152.00
363.87	162.00
364.10	156.00
364.33	148.00
364.56	187.00
364.79	160.00
365.02	172.00
365.25	177.00
365.48	183.00
365.71	181.00
365.94	183.00
366.17	173.00
366.40	181.00
366.63	179.00
366.86	186.00
367.09	192.00
367.32	179.00
367.55	181.00
367.78	171.00
368.01	175.00
368.24	181.00
368.47	186.00
368.70	189.00
368.93	198.00
369.16	194.00
369.39	203.00
369.62	208.00
369.85	195.00
370.08	190.00
370.31	198.00
370.54	208.00
370.77	213.00
371.00	213.00
371.23	228.00
371.46	205.00
371.69	188.00
371.92	194.00
372.15	200.00
372.38	196.00
372.61	189.00
372.84	184.00
373.07	180.00
373.30	178.00
373.53	192.00
373.76	208.00
373.98	197.00
374.21	193.00
374.44	200.00
374.67	208.00
374.90	220.00
375.13	225.00
375.36	232.00
375.59	222.00
375.82	226.00
376.05	227.00
376.28	237.00
376.51	242.00
376.74	252.00
376.97	274.00
377.20	281.00
377.43	285.00
377.66	291.00
377.89	294.00
378.12	286.00
378.34	276.00
378.57	255.00
378.80	249.00
379.03	251.00
379.26	255.00
379.49	268.00
379.72	285.00
379.95	312.00
380.18	312.00
380.41	300.00
380.64	287.00
380.87	295.00
381.10	279.00
381.33	251.00
381.55	247.00
381.78	254.00
382.01	229.00
382.24	226.00
382.47	219.00
382.70	227.00
382.93	223.00
383.16	217.00
383.39	247.00
383.62	259.00
383.85	288.00
384.08	319.00
384.30	327.00
384.53	323.00
384.76	315.00
384.99	313.00
385.22	322.00
385.45	304.00
385.68	309.00
385.91	322.00
386.14	331.00
386.37	330.00
386.60	331.00
386.82	312.00
387.05	315.00
387.28	339.00
387.51	315.00
387.74	314.00
387.97	342.00
388.20	341.00
388.43	344.00
388.66	396.00
388.88	396.00
389.11	417.00
389.34	422.00
389.57	414.00
389.80	432.00
390.03	418.00
390.26	433.00
390.49	458.00
390.72	477.00
390.94	472.00
391.17	472.00
391.40	444.00
391.63	419.00
391.86	383.00
392.09	370.00
392.32	320.00
392.55	278.00
392.77	244.00
393.00	245.00
393.23	274.00
393.46	325.00
393.69	374.00
393.92	420.00
394.15	452.00
394.38	495.00
394.60	515.00
394.83	525.00
395.06	513.00
395.29	494.00
395.52	450.00
395.75	412.00
395.98	345.00
396.20	313.00
396.43	292.00
396.66	323.00
396.89	401.00
397.12	483.00
397.35	557.00
397.58	626.00
397.80	654.00
398.03	667.00
398.26	677.00
398.49	703.00
398.72	716.00
398.95	709.00
399.17	712.00
399.40	727.00
399.63	718.00
399.86	758.00
400.09	746.00
400.32	757.00
400.54	788.00
400.77	796.00
401.00	825.00
401.23	823.00
401.46	836.00
401.69	833.00
401.91	859.00
402.14	858.00
402.37	848.00
402.60	837.00
402.83	818.00
403.06	804.00
403.28	870.00
403.51	881.00
403.74	869.00
403.97	858.00
404.20	823.00
404.43	819.00
404.65	887.00
404.88	881.00
405.11	869.00
405.34	887.00
405.57	841.00
405.79	864.00
406.02	875.00
406.25	854.00
406.48	903.00
406.71	917.00
406.93	929.00
407.16	927.00
407.39	954.00
407.62	940.00
407.85	983.00
408.08	1047.00
408.30	1023.00
408.53	1063.00
408.76	1030.00
408.99	1033.00
409.22	964.00
409.44	929.00
409.67	927.00
409.90	904.00
410.13	976.00
410.35	1057.00
410.58	1109.00
410.81	1109.00
411.04	1147.00
411.27	1160.00
411.49	1165.00
411.72	1176.00
411.95	1140.00
412.18	1149.00
412.41	1123.00
412.63	1137.00
412.86	1131.00
413.09	1181.00
413.32	1166.00
413.54	1231.00
413.77	1184.00
414.00	1183.00
414.23	1162.00
414.46	1195.00
414.68	1171.00
414.91	1239.00
415.14	1184.00
415.37	1216.00
415.59	1253.00
415.82	1284.00
416.05	1320.00
416.28	1283.00
416.50	1255.00
416.73	1199.00
416.96	1198.00
417.19	1202.00
417.41	1229.00
417.64	1236.00
417.87	1271.00
418.10	1217.00
418.33	1256.00
418.55	1269.00
418.78	1300.00
419.01	1345.00
419.24	1291.00
419.46	1254.00
419.69	1269.00
419.92	1314.00
420.14	1395.00
420.37	1414.00
420.60	1417.00
420.83	1452.00
421.05	1413.00
421.28	1448.00
421.51	1405.00
421.74	1351.00
421.96	1385.00
422.19	1279.00
422.42	1277.00
422.65	1347.00
422.87	1435.00
423.10	1437.00
423.33	1597.00
423.56	1446.00
423.78	1471.00
424.01	1492.00
424.24	1509.00
424.46	1429.00
424.69	1437.00
424.92	1488.00
425.15	1505.00
425.37	1515.00
425.60	1505.00
425.83	1496.00
426.05	1577.00
426.28	1565.00
426.51	1517.00
426.74	1419.00
426.96	1397.00
427.19	1498.00
427.42	1581.00
427.64	1569.00
427.87	1532.00
428.10	1530.00
428.33	1481.00
428.55	1470.00
428.78	1441.00
429.01	1488.00
429.23	1395.00
429.46	1290.00
429.69	1177.00
429.92	1197.00
430.14	1168.00
430.37	1196.00
430.60	1219.00
430.82	1360.00
431.05	1609.00
431.28	1831.00
431.50	1848.00
431.73	1760.00
431.96	1669.00
432.18	1600.00
432.41	1711.00
432.64	1885.00
432.86	1943.00
433.09	1827.00
433.32	1709.00
433.55	1563.00
433.77	1573.00
434.00	1699.00
434.23	1871.00
434.45	1869.00
434.68	1969.00
434.91	1835.00
435.13	1905.00
435.36	1983.00
435.59	2013.00
435.81	1957.00
436.04	2097.00
436.27	2081.00
436.49	2000.00
436.72	1999.00
436.95	1919.00
437.17	1912.00
437.40	1913.00
437.63	1913.00
437.85	1832.00
438.08	1641.00
438.31	1819.00
438.53	1944.00
438.76	1951.00
438.99	1989.00
439.21	2009.00
439.44	2051.00
439.66	2017.00
439.89	1933.00
440.12	1917.00
440.34	2019.00
440.57	2096.00
440.80	2151.00
441.02	2174.00
441.25	2177.00
441.48	2197.00
441.70	2282.00
441.93	2263.00
442.16	2269.00
442.38	2281.00
442.61	2239.00
442.83	2225.00
443.06	2223.00
443.29	2199.00
443.51	2331.00
443.74	2331.00
443.97	2310.00
444.19	2341.00
444.42	2407.00
444.64	2298.00
444.87	2323.00
445.10	2204.00
445.32	2107.00
445.55	2151.00
445.78	2262.00
446.00	2309.00
446.23	2330.00
446.45	2399.00
446.68	2487.00
446.91	2506.00
447.13	2591.00
447.36	2496.00
447.59	2494.00
447.81	2440.00
448.04	2393.00
448.26	2555.00
448.49	2508.00
448.72	2487.00
448.94	2543.00
449.17	2571.00
449.39	2596.00
449.62	2625.00
449.85	2809.00
450.07	2753.00
450.30	2842.00
450.52	2735.00
450.75	2779.00
450.98	2734.00
451.20	2737.00
451.43	2776.00
451.65	2729.00
451.88	2677.00
452.10	2601.00
452.33	2566.00
452.56	2478.00
452.78	2511.00
453.01	2576.00
453.23	2705.00
453.46	2785.00
453.69	2861.00
453.91	2731.00
454.14	2763.00
454.36	2709.00
454.59	2721.00
454.81	2771.00
455.04	2771.00
455.27	2880.00
455.49	2943.00
455.72	2939.00
455.94	2897.00
456.17	2975.00
456.39	3013.00
456.62	2965.00
456.85	3009.00
457.07	3041.00
457.30	3080.00
457.52	3089.00
457.75	2909.00
457.97	2913.00
458.20	2843.00
458.42	2969.00
458.65	3109.00
458.88	2953.00
459.10	2999.00
459.33	2991.00
459.55	2977.00
459.78	2981.00
460.00	3109.00
460.23	3101.00
460.45	3236.00
460.68	3271.00
460.91	3165.00
461.13	3210.00
461.36	3172.00
461.58	3195.00
461.81	3268.00
462.03	3314.00
462.26	3293.00
462.48	3251.00
462.71	3255.00
462.93	3299.00
463.16	3231.00
463.38	3179.00
463.61	3247.00
463.83	3229.00
464.06	3195.00
464.29	3131.00
464.51	3195.00
464.74	3303.00
464.96	3323.00
465.19	3277.00
465.41	3381.00
465.64	3455.00
465.86	3265.00
466.09	3257.00
466.31	3155.00
466.54	3233.00
466.76	3439.00
466.99	3500.00
467.21	3493.00
467.44	3521.00
467.66	3396.00
467.89	3509.00
468.11	3487.00
468.34	3505.00
468.56	3587.00
468.79	3570.00
469.01	3629.00
469.24	3571.00
469.46	3473.00
469.69	3451.00
469.91	3413.00
470.14	3483.00
470.36	3535.00
470.59	3609.00
470.81	3705.00
471.04	3683.00
471.26	3781.00
471.49	3837.00
471.71	3847.00
471.94	3845.00
472.16	3845.00
472.39	3845.00
472.61	3845.00
472.84	3845.00
473.06	3845.00
473.29	3845.00
473.51	3845.00
473.74	3841.00
473.96	3841.00
474.18	3841.00
474.41	3838.00
474.63	3842.00
474.86	3839.00
475.08	3839.00
475.31	3839.00
475.53	3836.00
475.76	3841.00
475.98	3838.00
476.21	3843.00
476.43	3839.00
476.66	3837.00
476.88	3843.00
477.11	3837.00
477.33	3839.00
477.55	3838.00
477.78	3837.00
478.00	3835.00
478.23	3839.00
478.45	3837.00
478.68	3839.00
478.90	3837.00
479.13	3836.00
479.35	3839.00
479.57	3839.00
479.80	3837.00
480.02	3837.00
480.25	3839.00
480.47	3837.00
480.70	3841.00
480.92	3837.00
481.15	3837.00
481.37	3837.00
481.59	3841.00
481.82	3837.00
482.04	3837.00
482.27	3837.00
482.49	3839.00
482.72	3837.00
482.94	3837.00
483.16	3841.00
483.39	3837.00
483.61	3839.00
483.84	3840.00
484.06	3839.00
484.29	3837.00
484.51	3840.00
484.73	3837.00
484.96	3839.00
485.18	3837.00
485.41	3838.00
485.63	3837.00
485.85	3837.00
486.08	3841.00
486.30	3837.00
486.53	3839.00
486.75	3837.00
486.97	3838.00
487.20	3841.00
487.42	3839.00
487.65	3837.00
487.87	3839.00
488.09	3839.00
488.32	3839.00
488.54	3837.00
488.77	3837.00
488.99	3838.00
489.21	3837.00
489.44	3839.00
489.66	3837.00
489.89	3837.00
490.11	3838.00
490.33	3835.00
490.56	3839.00
490.78	3839.00
491.01	3838.00
491.23	3841.00
491.45	3839.00
491.68	3839.00
491.90	3837.00
492.12	3839.00
492.35	3837.00
492.57	3841.00
492.80	3837.00
493.02	3837.00
493.24	3837.00
493.47	3841.00
493.69	3837.00
493.91	3839.00
494.14	3837.00
494.36	3837.00
494.59	3837.00
494.81	3838.00
495.03	3839.00
495.26	3835.00
495.48	3837.00
495.70	3835.00
495.93	3837.00
496.15	3839.00
496.37	3835.00
496.60	3837.00
496.82	3837.00
497.04	3841.00
497.27	3837.00
497.49	3837.00
497.71	3840.00
497.94	3837.00
498.16	3837.00
498.39	3838.00
498.61	3839.00
498.83	3837.00
499.06	3837.00
499.28	3838.00
499.50	3837.00
499.73	3837.00
499.95	3839.00
500.17	3835.00
500.40	3837.00
500.62	3837.00
500.84	3837.00
501.07	3837.00
501.29	3839.00
501.51	3839.00
501.74	3841.00
501.96	3837.00
502.18	3837.00
502.40	3837.00
502.63	3839.00
502.85	3839.00
503.07	3839.00
503.30	3841.00
503.52	3837.00
503.74	3839.00
503.97	3839.00
504.19	3839.00
504.41	3837.00
504.64	3838.00
504.86	3837.00
505.08	3840.00
505.31	3839.00
505.53	3838.00
505.75	3836.00
505.97	3835.00
506.20	3837.00
506.42	3839.00
506.64	3841.00
506.87	3839.00
507.09	3839.00
507.31	3841.00
507.53	3836.00
507.76	3837.00
507.98	3839.00
508.20	3838.00
508.43	3839.00
508.65	3839.00
508.87	3837.00
509.09	3841.00
509.32	3841.00
509.54	3841.00
509.76	3839.00
509.99	3837.00
510.21	3837.00
510.43	3838.00
510.65	3837.00
510.88	3837.00
511.10	3841.00
511.32	3837.00
511.55	3837.00
511.77	3837.00
511.99	3839.00
512.21	3840.00
512.44	3837.00
512.66	3838.00
512.88	3838.00
513.10	3839.00
513.33	3834.00
513.55	3837.00
513.77	3835.00
513.99	3837.00
514.22	3839.00
514.44	3841.00
514.66	3835.00
514.88	3839.00
515.11	3837.00
515.33	3840.00
515.55	3839.00
515.77	3835.00
516.00	3841.00
516.22	3839.00
516.44	3837.00
516.66	3839.00
516.89	3837.00
517.11	3839.00
517.33	3837.00
517.55	3837.00
517.78	3839.00
518.00	3839.00
518.22	3837.00
518.44	3839.00
518.66	3839.00
518.89	3838.00
519.11	3837.00
519.33	3837.00
519.55	3837.00
519.78	3839.00
520.00	3839.00
520.22	3839.00
520.44	3837.00
520.66	3839.00
520.89	3837.00
521.11	3837.00
521.33	3837.00
521.55	3840.00
521.78	3839.00
522.00	3839.00
522.22	3839.00
522.44	3835.00
522.66	3837.00
522.89	3841.00
523.11	3842.00
523.33	3839.00
523.55	3838.00
523.77	3839.00
524.00	3835.00
524.22	3838.00
524.44	3839.00
524.66	3842.00
524.88	3837.00
525.11	3837.00
525.33	3837.00
525.55	3837.00
525.77	3837.00
525.99	3836.00
526.21	3837.00
526.44	3835.00
526.66	3839.00
526.88	3839.00
527.10	3837.00
527.32	3839.00
527.55	3837.00
527.77	3839.00
527.99	3837.00
528.21	3835.00
528.43	3837.00
528.65	3834.00
528.88	3837.00
529.10	3838.00
529.32	3838.00
529.54	3837.00
529.76	3838.00
529.98	3839.00
530.21	3839.00
530.43	3841.00
530.65	3839.00
530.87	3839.00
531.09	3837.00
531.31	3837.00
531.54	3837.00
531.76	3839.00
531.98	3839.00
532.20	3837.00
532.42	3839.00
532.64	3839.00
532.86	3841.00
533.09	3837.00
533.31	3839.00
533.53	3841.00
533.75	3835.00
533.97	3835.00
534.19	3841.00
534.41	3837.00
534.64	3839.00
534.86	3840.00
535.08	3837.00
535.30	3834.00
535.52	3837.00
535.74	3839.00
535.96	3837.00
536.18	3839.00
536.41	3841.00
536.63	3837.00
536.85	3839.00
537.07	3835.00
537.29	3837.00
537.51	3838.00
537.73	3837.00
537.95	3838.00
538.18	3841.00
538.40	3840.00
538.62	3837.00
538.84	3839.00
539.06	3837.00
539.28	3835.00
539.50	3841.00
539.72	3837.00
539.94	3837.00
540.16	3839.00
540.39	3837.00
540.61	3837.00
540.83	3837.00
541.05	3837.00
541.27	3839.00
541.49	3838.00
541.71	3837.00
541.93	3838.00
542.15	3837.00
542.37	3837.00
542.60	3839.00
542.82	3839.00
543.04	3837.00
543.26	3837.00
543.48	3837.00
543.70	3837.00
543.92	3837.00
544.14	3835.00
544.36	3837.00
544.58	3837.00
544.80	3837.00
545.02	3841.00
545.25	3837.00
545.47	3836.00
545.69	3834.00
545.91	3839.00
546.13	3840.00
546.35	3839.00
546.57	3835.00
546.79	3839.00
547.01	3837.00
547.23	3839.00
547.45	3841.00
547.67	3839.00
547.89	3837.00
548.11	3837.00
548.33	3841.00
548.55	3835.00
548.77	3841.00
549.00	3835.00
549.22	3837.00
549.44	3839.00
549.66	3837.00
549.88	3837.00
550.10	3837.00
550.32	3841.00
550.54	3842.00
550.76	3839.00
550.98	3837.00
551.20	3842.00
551.42	3835.00
551.64	3837.00
551.86	3837.00
552.08	3839.00
552.30	3838.00
552.52	3835.00
552.74	3837.00
552.96	3837.00
553.18	3839.00
553.40	3839.00
553.62	3837.00
553.84	3837.00
554.06	3839.00
554.28	3839.00
554.50	3839.00
554.72	3834.00
554.94	3835.00
555.16	3839.00
555.38	3837.00
555.60	3839.00
555.82	3837.00
556.04	3837.00
556.26	3837.00
556.48	3839.00
556.70	3837.00
556.92	3836.00
557.14	3839.00
557.36	3835.00
557.58	3837.00
557.80	3835.00
558.02	3837.00
558.24	3839.00
558.46	3835.00
558.68	3837.00
558.90	3839.00
559.12	3837.00
559.34	3839.00
559.56	3837.00
559.78	3834.00
560.00	3836.00
560.22	3837.00
560.44	3839.00
560.66	3839.00
560.88	3836.00
561.10	3837.00
561.32	3835.00
561.54	3837.00
561.76	3841.00
561.98	3837.00
562.20	3840.00
562.42	3837.00
562.64	3841.00
562.86	3837.00
563.08	3838.00
563.30	3837.00
563.52	3839.00
563.74	3837.00
563.96	3839.00
564.18	3837.00
564.40	3839.00
564.62	3841.00
564.84	3835.00
565.06	3837.00
565.28	3841.00
565.49	3839.00
565.71	3837.00
565.93	3835.00
566.15	3841.00
566.37	3839.00
566.59	3838.00
566.81	3835.00
567.03	3835.00
567.25	3839.00
567.47	3836.00
567.69	3837.00
567.91	3838.00
568.13	3837.00
568.35	3835.00
568.57	3835.00
568.79	3837.00
569.00	3837.00
569.22	3837.00
569.44	3838.00
569.66	3837.00
569.88	3837.00
570.10	3839.00
570.32	3837.00
570.54	3835.00
570.76	3841.00
570.98	3841.00
571.20	3835.00
571.42	3841.00
571.63	3837.00
571.85	3841.00
572.07	3840.00
572.29	3836.00
572.51	3837.00
572.73	3837.00
572.95	3837.00
573.17	3839.00
573.39	3839.00
573.61	3841.00
573.82	3839.00
574.04	3835.00
574.26	3837.00
574.48	3839.00
574.70	3837.00
574.92	3837.00
575.14	3840.00
575.36	3837.00
575.58	3838.00
575.80	3839.00
576.01	3837.00
576.23	3837.00
576.45	3839.00
576.67	3839.00
576.89	3837.00
577.11	3839.00
577.33	3837.00
577.55	3840.00
577.76	3837.00
577.98	3836.00
578.20	3839.00
578.42	3841.00
578.64	3835.00
578.86	3841.00
579.08	3839.00
579.29	3835.00
579.51	3839.00
579.73	3839.00
579.95	3837.00
580.17	3837.00
580.39	3837.00
580.61	3837.00
580.82	3835.00
581.04	3837.00
581.26	3838.00
581.48	3837.00
581.70	3837.00
581.92	3839.00
582.14	3837.00
582.35	3839.00
582.57	3835.00
582.79	3837.00
583.01	3839.00
583.23	3837.00
583.45	3837.00
583.66	3839.00
583.88	3837.00
584.10	3838.00
584.32	3837.00
584.54	3841.00
584.76	3838.00
584.97	3839.00
585.19	3837.00
585.41	3839.00
585.63	3837.00
585.85	3839.00
586.06	3835.00
586.28	3839.00
586.50	3837.00
586.72	3837.00
586.94	3839.00
587.16	3838.00
587.37	3835.00
587.59	3838.00
587.81	3839.00
588.03	3839.00
588.25	3837.00
588.46	3839.00
588.68	3837.00
588.90	3839.00
589.12	3837.00
589.34	3837.00
589.55	3837.00
589.77	3837.00
589.99	3839.00
590.21	3837.00
590.43	3837.00
590.64	3838.00
590.86	3837.00
591.08	3839.00
591.30	3839.00
591.52	3839.00
591.73	3839.00
591.95	3837.00
592.17	3840.00
592.39	3839.00
592.60	3838.00
592.82	3836.00
593.04	3837.00
593.26	3839.00
593.47	3837.00
593.69	3835.00
593.91	3839.00
594.13	3839.00
594.35	3839.00
594.56	3837.00
594.78	3837.00
595.00	3837.00
595.22	3837.00
595.43	3837.00
595.65	3837.00
595.87	3836.00
596.09	3837.00
596.30	3835.00
596.52	3839.00
596.74	3837.00
596.96	3837.00
597.17	3839.00
597.39	3837.00
597.61	3837.00
597.83	3839.00
598.04	3839.00
598.26	3837.00
598.48	3835.00
598.70	3837.00
598.91	3838.00
599.13	3839.00
599.35	3841.00
599.56	3839.00
599.78	3837.00
600.00	3837.00
600.22	3837.00
600.43	3833.00
600.65	3841.00
600.87	3839.00
601.09	3839.00
601.30	3837.00
601.52	3837.00
601.74	3837.00
601.95	3837.00
602.17	3837.00
602.39	3841.00
602.61	3836.00
602.82	3838.00
603.04	3839.00
603.26	3839.00
603.47	3837.00
603.69	3835.00
603.91	3837.00
604.13	3839.00
604.34	3837.00
604.56	3837.00
604.78	3837.00
604.99	3837.00
605.21	3837.00
605.43	3839.00
605.64	3837.00
605.86	3838.00
606.08	3839.00
606.29	3835.00
606.51	3837.00
606.73	3837.00
606.94	3837.00
607.16	3837.00
607.38	3835.00
607.60	3837.00
607.81	3838.00
608.03	3837.00
608.25	3837.00
608.46	3833.00
608.68	3839.00
608.90	3841.00
609.11	3837.00
609.33	3838.00
609.55	3836.00
609.76	3837.00
609.98	3837.00
610.20	3839.00
610.41	3837.00
610.63	3837.00
610.85	3835.00
611.06	3839.00
611.28	3837.00
611.49	3837.00
611.71	3838.00
611.93	3839.00
612.14	3837.00
612.36	3834.00
612.58	3837.00
612.79	3838.00
613.01	3837.00
613.23	3841.00
613.44	3839.00
613.66	3835.00
613.88	3837.00
614.09	3837.00
614.31	3834.00
614.52	3834.00
614.74	3837.00
614.96	3837.00
615.17	3837.00
615.39	3838.00
615.61	3839.00
615.82	3835.00
616.04	3837.00
616.25	3837.00
616.47	3837.00
616.69	3839.00
616.90	3837.00
617.12	3839.00
617.34	3841.00
617.55	3839.00
617.77	3839.00
617.98	3838.00
618.20	3837.00
618.42	3839.00
618.63	3837.00
618.85	3838.00
619.06	3837.00
619.28	3839.00
619.50	3837.00
619.71	3837.00
619.93	3837.00
620.14	3837.00
620.36	3838.00
620.58	3839.00
620.79	3833.00
621.01	3837.00
621.22	3836.00
621.44	3837.00
621.65	3834.00
621.87	3837.00
622.09	3839.00
622.30	3837.00
622.52	3833.00
622.73	3839.00
622.95	3839.00
623.16	3841.00
623.38	3837.00
623.60	3841.00
623.81	3839.00
624.03	3839.00
624.24	3837.00
624.46	3837.00
624.67	3837.00
624.89	3837.00
625.11	3839.00
625.32	3835.00
625.54	3839.00
625.75	3841.00
625.97	3837.00
626.18	3835.00
626.40	3837.00
626.61	3837.00
626.83	3839.00
627.05	3837.00
627.26	3837.00
627.48	3838.00
627.69	3839.00
627.91	3838.00
628.12	3839.00
628.34	3838.00
628.55	3839.00
628.77	3839.00
628.98	3837.00
629.20	3837.00
629.41	3837.00
629.63	3839.00
629.84	3835.00
630.06	3837.00
630.28	3837.00
630.49	3837.00
630.71	3837.00
630.92	3839.00
631.14	3839.00
631.35	3839.00
631.57	3839.00
631.78	3841.00
632.00	3837.00
632.21	3839.00
632.43	3837.00
632.64	3837.00
632.86	3839.00
633.07	3839.00
633.29	3839.00
633.50	3835.00
633.72	3837.00
633.93	3837.00
634.15	3837.00
634.36	3838.00
634.58	3837.00
634.79	3836.00
635.01	3839.00
635.22	3836.00
635.44	3837.00
635.65	3837.00
635.87	3838.00
636.08	3837.00
636.30	3840.00
636.51	3837.00
636.73	3839.00
636.94	3839.00
637.16	3839.00
637.37	3839.00
637.58	3837.00
637.80	3838.00
638.01	3841.00
638.23	3837.00
638.44	3839.00
638.66	3837.00
638.87	3839.00
639.09	3835.00
639.30	3839.00
639.52	3837.00
639.73	3837.00
639.95	3837.00
640.16	3837.00
640.37	3837.00
640.59	3838.00
640.80	3837.00
641.02	3837.00
641.23	3833.00
641.45	3839.00
641.66	3836.00
641.88	3843.00
642.09	3836.00
642.30	3837.00
642.52	3838.00
642.73	3837.00
642.95	3839.00
643.16	3840.00
643.38	3837.00
643.59	3839.00
643.80	3838.00
644.02	3841.00
644.23	3835.00
644.45	3837.00
644.66	3839.00
644.88	3835.00
645.09	3841.00
645.30	3835.00
645.52	3839.00
645.73	3837.00
645.95	3837.00
646.16	3838.00
646.38	3837.00
646.59	3837.00
646.80	3839.00
647.02	3837.00
647.23	3839.00
647.45	3839.00
647.66	3835.00
647.87	3837.00
648.09	3836.00
648.30	3837.00
648.52	3837.00
648.73	3837.00
648.94	3837.00
649.16	3837.00
649.37	3839.00
649.58	3837.00
649.80	3837.00
650.01	3839.00
650.23	3840.00
650.44	3837.00
650.65	3839.00
650.87	3837.00
651.08	3839.00
651.30	3835.00
651.51	3837.00
651.72	3839.00
651.94	3837.00
652.15	3835.00
652.36	3837.00
652.58	3837.00
652.79	3833.00
653.00	3837.00
653.22	3840.00
653.43	3841.00
653.65	3838.00
653.86	3837.00
654.07	3838.00
654.29	3839.00
654.50	3841.00
654.71	3837.00
654.93	3837.00
655.14	3839.00
655.35	3841.00
655.57	3841.00
655.78	3837.00
655.99	3835.00
656.21	3837.00
656.42	3835.00
656.63	3836.00
656.85	3839.00
657.06	3837.00
657.27	3839.00
657.49	3838.00
657.70	3837.00
657.91	3839.00
658.13	3837.00
658.34	3839.00
658.55	3836.00
658.77	3835.00
658.98	3837.00
659.19	3835.00
659.41	3837.00
659.62	3834.00
659.83	3837.00
660.05	3837.00
660.26	3836.00
660.47	3839.00
660.69	3837.00
660.90	3835.00
661.11	3839.00
661.32	3837.00
661.54	3837.00
661.75	3843.00
661.96	3837.00
662.18	3837.00
662.39	3837.00
662.60	3837.00
662.82	3837.00
663.03	3840.00
663.24	3837.00
663.45	3839.00
663.67	3835.00
663.88	3839.00
664.09	3839.00
664.30	3837.00
664.52	3840.00
664.73	3837.00
664.94	3833.00
665.16	3836.00
665.37	3837.00
665.58	3838.00
665.79	3837.00
666.01	3837.00
666.22	3835.00
666.43	3839.00
666.64	3837.00
666.86	3837.00
667.07	3839.00
667.28	3839.00
667.50	3841.00
667.71	3837.00
667.92	3835.00
668.13	3840.00
668.35	3833.00
668.56	3837.00
668.77	3835.00
668.98	3839.00
669.20	3837.00
669.41	3838.00
669.62	3837.00
669.83	3837.00
670.04	3839.00
670.26	3840.00
670.47	3836.00
670.68	3837.00
670.89	3837.00
671.11	3837.00
671.32	3837.00
671.53	3831.00
671.74	3837.00
671.96	3838.00
672.17	3837.00
672.38	3838.00
672.59	3837.00
672.80	3838.00
673.02	3839.00
673.23	3838.00
673.44	3839.00
673.65	3837.00
673.87	3839.00
674.08	3837.00
674.29	3837.00
674.50	3836.00
674.71	3837.00
674.93	3837.00
675.14	3833.00
675.35	3839.00
675.56	3837.00
675.77	3833.00
675.99	3839.00
676.20	3841.00
676.41	3837.00
676.62	3839.00
676.83	3839.00
677.04	3837.00
677.26	3839.00
677.47	3837.00
677.68	3836.00
677.89	3836.00
678.10	3841.00
678.32	3837.00
678.53	3835.00
678.74	3837.00
678.95	3837.00
679.16	3837.00
679.37	3837.00
679.59	3841.00
679.80	3839.00
680.01	3833.00
680.22	3841.00
680.43	3836.00
680.64	3839.00
680.86	3837.00
681.07	3835.00
681.28	3839.00
681.49	3839.00
681.70	3839.00
681.91	3837.00
682.12	3838.00
682.34	3837.00
682.55	3839.00
682.76	3841.00
682.97	3840.00
683.18	3837.00
683.39	3839.00
683.60	3839.00
683.82	3839.00
684.03	3837.00
684.24	3837.00
684.45	3839.00
684.66	3835.00
684.87	3841.00
685.08	3840.00
685.30	3837.00
685.51	3833.00
685.72	3841.00
685.93	3837.00
686.14	3283.00
686.35	3263.00
686.56	3483.00
686.77	3733.00
686.98	3842.00
687.20	3843.00
687.41	3839.00
687.62	3838.00
687.83	3839.00
688.04	3837.00
688.25	3839.00
688.46	3837.00
688.67	3837.00
688.88	3839.00
689.09	3839.00
689.31	3839.00
689.52	3837.00
689.73	3837.00
689.94	3837.00
690.15	3837.00
690.36	3837.00
690.57	3837.00
690.78	3837.00
690.99	3833.00
691.20	3837.00
691.41	3840.00
691.62	3837.00
691.84	3839.00
692.05	3841.00
692.26	3841.00
692.47	3844.00
692.68	3838.00
692.89	3845.00
693.10	3845.00
693.31	3841.00
693.52	3844.00
693.73	3833.00
693.94	3832.00
694.15	3831.00
694.36	3834.00
694.57	3821.00
694.78	3823.00
694.99	3827.00
695.21	3843.00
695.42	3843.00
695.63	3839.00
695.84	3838.00
696.05	3839.00
696.26	3837.00
696.47	3837.00
696.68	3837.00
696.89	3838.00
697.10	3839.00
697.31	3838.00
697.52	3839.00
697.73	3840.00
697.94	3841.00
698.15	3844.00
698.36	3843.00
698.57	3843.00
698.78	3843.00
698.99	3845.00
699.20	3845.00
699.41	3843.00
699.62	3841.00
699.83	3831.00
700.04	3809.00
700.25	3819.00
700.46	3653.00
700.67	3673.00
700.88	3777.00
701.09	3697.00
701.30	3658.00
701.51	3501.00
701.72	3709.00
701.93	3823.00
702.14	3844.00
702.35	3845.00
702.56	3843.00
702.77	3847.00
702.98	3845.00
703.19	3842.00
703.40	3845.00
703.61	3842.00
703.82	3845.00
704.03	3844.00
704.24	3847.00
704.45	3845.00
704.66	3845.00
704.87	3843.00
705.08	3842.00
705.29	3845.00
705.50	3843.00
705.71	3847.00
705.92	3845.00
706.13	3845.00
706.34	3841.00
706.55	3839.00
706.76	3839.00
706.97	3837.00
707.18	3839.00
707.39	3840.00
707.60	3839.00
707.80	3839.00
708.01	3839.00
708.22	3837.00
708.43	3837.00
708.64	3841.00
708.85	3839.00
709.06	3839.00
709.27	3837.00
709.48	3838.00
709.69	3837.00
709.90	3840.00
710.11	3839.00
710.32	3837.00
710.53	3838.00
710.74	3841.00
710.95	3842.00
711.15	3843.00
711.36	3839.00
711.57	3841.00
711.78	3843.00
711.99	3843.00
712.20	3841.00
712.41	3843.00
712.62	3845.00
712.83	3845.00
713.04	3845.00
713.25	3843.00
713.46	3819.00
713.66	3653.00
713.87	3501.00
714.08	3619.00
714.29	3611.00
714.50	3555.00
714.71	3479.00
714.92	3449.00
715.13	3123.00
715.34	2829.00
715.54	2625.00
715.75	2393.00
715.96	2205.00
716.17	2277.00
716.38	2085.00
716.59	2347.00
716.80	2501.00
717.01	2488.00
717.22	2085.00
717.42	1877.00
717.63	2420.00
717.84	2195.00
718.05	2071.00
718.26	2231.00
718.47	2132.00
718.68	2070.00
718.88	2023.00
719.09	2100.00
719.30	2149.00
719.51	2460.00
719.72	2713.00
719.93	3039.00
720.14	3202.00
720.34	2955.00
720.55	2971.00
720.76	3117.00
720.97	2991.00
721.18	3028.00
721.39	2907.00
721.60	3037.00
721.80	2833.00
722.01	2308.00
722.22	2085.00
722.43	2443.00
722.64	2315.00
722.85	2411.00
723.05	2295.00
723.26	2281.00
723.47	2459.00
723.68	2441.00
723.89	2069.00
724.10	2299.00
724.30	2441.00
724.51	2493.00
724.72	2399.00
724.93	2298.00
725.14	2079.00
725.34	2458.00
725.55	2523.00
725.76	2636.00
725.97	2463.00
726.18	2111.00
726.38	1838.00
726.59	2219.00
726.80	2405.00
727.01	2673.00
727.22	2753.00
727.42	2405.00
727.63	2093.00
727.84	1967.00
728.05	2037.00
728.26	2378.00
728.46	2564.00
728.67	2500.00
728.88	2173.00
729.09	2245.00
729.29	2456.00
729.50	2261.00
729.71	2241.00
729.92	2359.00
730.13	2424.00
730.33	2250.00
730.54	2395.00
730.75	2713.00
730.96	2801.00
731.16	2818.00
731.37	2713.00
731.58	2780.00
731.79	2775.00
731.99	2709.00
732.20	2863.00
732.41	2947.00
732.62	2955.00
732.82	2919.00
733.03	2823.00
733.24	2891.00
733.45	2775.00
733.65	2805.00
733.86	2843.00
734.07	2789.00
734.28	2841.00
734.48	2825.00
734.69	2675.00
734.90	2681.00
735.11	2728.00
735.31	2711.00
735.52	2673.00
735.73	2748.00
735.94	2880.00
736.14	2847.00
736.35	2849.00
736.56	2902.00
736.76	2765.00
736.97	2725.00
737.18	2741.00
737.39	2690.00
737.59	2655.00
737.80	2716.00
738.01	2779.00
738.21	2749.00
738.42	2819.00
738.63	2829.00
738.83	2914.00
739.04	2911.00
739.25	2817.00
739.46	2689.00
739.66	2649.00
739.87	2791.00
740.08	2799.00
740.28	2806.00
740.49	2805.00
740.70	2728.00
740.90	2739.00
741.11	2793.00
741.32	2843.00
741.52	2937.00
741.73	2968.00
741.94	2913.00
742.14	2897.00
742.35	2873.00
742.56	2758.00
742.76	2665.00
742.97	2669.00
743.18	2731.00
743.38	2695.00
743.59	2752.00
743.80	2778.00
744.00	2747.00
744.21	2727.00
744.42	2744.00
744.62	2693.00
744.83	2743.00
745.04	2798.00
745.24	2721.00
745.45	2687.00
745.66	2714.00
745.86	2736.00
746.07	2667.00
746.28	2657.00
746.48	2659.00
746.69	2701.00
746.89	2647.00
747.10	2663.00
747.31	2628.00
747.51	2603.00
747.72	2589.00
747.93	2511.00
748.13	2521.00
748.34	2555.00
748.54	2603.00
748.75	2591.00
748.96	2577.00
749.16	2593.00
749.37	2597.00
749.58	2581.00
749.78	2645.00
749.99	2589.00
750.19	2573.00
750.40	2553.00
750.61	2561.00
750.81	2557.00
751.02	2559.00
751.22	2503.00
751.43	2514.00
751.64	2458.00
751.84	2486.00
752.05	2498.00
752.25	2504.00
752.46	2561.00
752.66	2522.00
752.87	2517.00
753.08	2512.00
753.28	2511.00
753.49	2487.00
753.69	2498.00
753.90	2477.00
754.11	2408.00
754.31	2397.00
754.52	2489.00
754.72	2464.00
754.93	2463.00
755.13	2421.00
755.34	2439.00
755.54	2418.00
755.75	2383.00
755.96	2356.00
756.16	2363.00
756.37	2367.00
756.57	2341.00
756.78	2321.00
756.98	2275.00
757.19	2287.00
757.39	2307.00
757.60	2135.00
757.81	1515.00
758.01	1053.00
758.22	780.00
758.42	636.00
758.63	530.00
758.83	488.00
759.04	484.00
759.24	523.00
759.45	626.00
759.65	775.00
759.86	957.00
760.06	1413.00
760.27	1576.00
760.47	1465.00
760.68	1231.00
760.88	1122.00
761.09	976.00
761.29	985.00
761.50	903.00
761.70	1013.00
761.91	1004.00
762.11	1145.00
762.32	1011.00
762.52	1233.00
762.73	1120.00
762.93	1365.00
763.14	1284.00
763.34	1364.00
763.55	1502.00
763.75	1453.00
763.96	1629.00
764.16	1510.00
764.37	1565.00
764.57	1689.00
764.78	1612.00
764.98	1785.00
765.19	1825.00
765.39	1780.00
765.60	1901.00
765.80	1933.00
766.01	1902.00
766.21	1925.00
766.42	1964.00
766.62	1979.00
766.83	2041.00
767.03	2020.00
767.24	1969.00
767.44	1973.00
767.64	2037.00
767.85	1989.00
768.05	2013.00
768.26	2057.00
768.46	2017.00
768.67	2079.00
768.87	2101.00
769.08	2076.00
769.28	2029.00
769.48	2027.00
769.69	2019.00
769.89	1973.00
770.10	1989.00
770.30	1971.00
770.51	1969.00
770.71	2005.00
770.91	1969.00
771.12	2011.00
771.32	1987.00
771.53	2001.00
771.73	2026.00
771.94	2009.00
772.14	1950.00
772.34	1921.00
772.55	1897.00
772.75	1874.00
772.96	1837.00
773.16	1873.00
773.36	1895.00
773.57	1882.00
773.77	1853.00
773.98	1881.00
774.18	1841.00
774.38	1802.00
774.59	1780.00
774.79	1791.00
775.00	1798.00
775.20	1797.00
775.40	1724.00
775.61	1708.00
775.81	1707.00
776.02	1684.00
776.22	1674.00
776.42	1759.00
776.63	1793.00
776.83	1736.00
777.04	1733.00
777.24	1689.00
777.44	1673.00
777.65	1697.00
777.85	1653.00
778.05	1583.00
778.26	1633.00
778.46	1663.00
778.66	1592.00
778.87	1581.00
779.07	1543.00
779.28	1530.00
779.48	1557.00
779.68	1568.00
779.89	1571.00
780.09	1557.00
780.29	1561.00
780.50	1533.00
780.70	1510.00
780.90	1475.00
781.11	1442.00
781.31	1424.00
781.51	1419.00
781.72	1405.00
781.92	1421.00
782.12	1382.00
782.33	1405.00
782.53	1397.00
782.73	1401.00
782.94	1372.00
783.14	1346.00
783.34	1301.00
783.55	1259.00
783.75	1334.00
783.95	1254.00
784.15	1252.00
784.36	1194.00
784.56	1173.00
784.76	1135.00
784.97	1089.00
785.17	1100.00
785.37	1089.00
785.58	1055.00
785.78	1093.00
785.98	1118.00
786.19	1113.00
786.39	1087.00
786.59	1067.00
786.79	1060.00
787.00	1047.00
