339.90	0.00
340.13	60.00
340.37	59.00
340.60	59.00
340.83	60.00
341.06	59.00
341.29	59.00
341.52	61.00
341.75	65.00
341.98	67.00
342.21	66.00
342.44	65.00
342.67	66.00
342.91	66.00
343.14	70.00
343.37	71.00
343.60	71.00
343.83	72.00
344.06	70.00
344.29	69.00
344.52	68.00
344.75	67.00
344.98	68.00
345.21	68.00
345.44	69.00
345.68	68.00
345.91	68.00
346.14	75.00
346.37	85.00
346.60	93.00
346.83	94.00
347.06	97.00
347.29	101.00
347.52	93.00
347.75	92.00
347.98	95.00
348.21	97.00
348.44	98.00
348.67	97.00
348.90	97.00
349.14	101.00
349.37	102.00
349.60	100.00
349.83	103.00
350.06	102.00
350.29	105.00
350.52	105.00
350.75	103.00
350.98	100.00
351.21	100.00
351.44	102.00
351.67	100.00
351.90	105.00
352.13	100.00
352.36	102.00
352.59	106.00
352.82	107.00
353.05	111.00
353.29	113.00
353.52	110.00
353.75	108.00
353.98	107.00
354.21	113.00
354.44	110.00
354.67	114.00
354.90	122.00
355.13	115.00
355.36	113.00
355.59	110.00
355.82	288.00
356.05	110.00
356.28	109.00
356.51	103.00
356.74	106.00
356.97	106.00
357.20	103.00
357.43	102.00
357.66	100.00
357.89	99.00
358.12	103.00
358.35	104.00
358.58	111.00
358.81	115.00
359.04	122.00
359.27	121.00
359.50	121.00
359.73	125.00
359.96	192.00
360.19	118.00
360.42	113.00
360.65	115.00
360.88	116.00
361.11	118.00
361.34	129.00
361.57	124.00
361.80	126.00
362.03	140.00
362.26	131.00
362.49	137.00
362.72	126.00
362.95	128.00
363.18	151.00
363.41	131.00
363.64	127.00
363.87	136.00
364.10	132.00
364.33	131.00
364.56	158.00
364.79	142.00
365.02	146.00
365.25	154.00
365.48	152.00
365.71	154.00
365.94	151.00
366.17	154.00
366.40	152.00
366.63	153.00
366.86	161.00
367.09	151.00
367.32	148.00
367.55	149.00
367.78	150.00
368.01	149.00
368.24	152.00
368.47	152.00
368.70	160.00
368.93	166.00
369.16	164.00
369.39	167.00
369.62	173.00
369.85	162.00
370.08	161.00
370.31	157.00
370.54	168.00
370.77	174.00
371.00	174.00
371.23	197.00
371.46	167.00
371.69	154.00
371.92	161.00
372.15	164.00
372.38	163.00
372.61	162.00
372.84	157.00
373.07	151.00
373.30	156.00
373.53	158.00
373.76	179.00
373.98	159.00
374.21	159.00
374.44	174.00
374.67	173.00
374.90	179.00
375.13	184.00
375.36	184.00
375.59	186.00
375.82	187.00
376.05	186.00
376.28	202.00
376.51	209.00
376.74	206.00
376.97	217.00
377.20	232.00
377.43	241.00
377.66	229.00
377.89	236.00
378.12	229.00
378.34	213.00
378.57	208.00
378.80	206.00
379.03	213.00
379.26	203.00
379.49	217.00
379.72	222.00
379.95	261.00
380.18	242.00
380.41	236.00
380.64	235.00
380.87	231.00
381.10	227.00
381.33	199.00
381.55	203.00
381.78	207.00
382.01	187.00
382.24	186.00
382.47	178.00
382.70	183.00
382.93	177.00
383.16	179.00
383.39	192.00
383.62	204.00
383.85	226.00
384.08	247.00
384.30	260.00
384.53	249.00
384.76	247.00
384.99	243.00
385.22	251.00
385.45	244.00
385.68	238.00
385.91	247.00
386.14	265.00
386.37	261.00
386.60	261.00
386.82	247.00
387.05	255.00
387.28	268.00
387.51	260.00
387.74	248.00
387.97	253.00
388.20	279.00
388.43	282.00
388.66	326.00
388.88	306.00
389.11	322.00
389.34	327.00
389.57	334.00
389.80	336.00
390.03	332.00
390.26	336.00
390.49	369.00
390.72	364.00
390.94	358.00
391.17	365.00
391.40	348.00
391.63	319.00
391.86	301.00
392.09	295.00
392.32	258.00
392.55	218.00
392.77	199.00
393.00	204.00
393.23	214.00
393.46	259.00
393.69	293.00
393.92	339.00
394.15	347.00
394.38	379.00
394.60	394.00
394.83	397.00
395.06	388.00
395.29	375.00
395.52	350.00
395.75	318.00
395.98	271.00
396.20	246.00
396.43	228.00
396.66	249.00
396.89	322.00
397.12	363.00
397.35	422.00
397.58	455.00
397.80	490.00
398.03	476.00
398.26	500.00
398.49	516.00
398.72	538.00
398.95	538.00
399.17	552.00
399.40	539.00
399.63	538.00
399.86	575.00
400.09	563.00
400.32	567.00
400.54	595.00
400.77	601.00
401.00	625.00
401.23	611.00
401.46	625.00
401.69	628.00
401.91	653.00
402.14	643.00
402.37	630.00
402.60	632.00
402.83	621.00
403.06	613.00
403.28	626.00
403.51	666.00
403.74	657.00
403.97	643.00
404.20	611.00
404.43	610.00
404.65	670.00
404.88	677.00
405.11	656.00
405.34	657.00
405.57	627.00
405.79	645.00
406.02	639.00
406.25	624.00
406.48	671.00
406.71	680.00
406.93	671.00
407.16	685.00
407.39	698.00
407.62	679.00
407.85	738.00
408.08	763.00
408.30	754.00
408.53	785.00
408.76	775.00
408.99	745.00
409.22	712.00
409.44	682.00
409.67	661.00
409.90	665.00
410.13	695.00
410.35	777.00
410.58	808.00
410.81	807.00
411.04	826.00
411.27	845.00
411.49	853.00
411.72	851.00
411.95	829.00
412.18	810.00
412.41	830.00
412.63	835.00
412.86	825.00
413.09	844.00
413.32	850.00
413.54	884.00
413.77	859.00
414.00	876.00
414.23	856.00
414.46	855.00
414.68	860.00
414.91	903.00
415.14	850.00
415.37	863.00
415.59	905.00
415.82	942.00
416.05	966.00
416.28	921.00
416.50	914.00
416.73	876.00
416.96	877.00
417.19	873.00
417.41	889.00
417.64	907.00
417.87	920.00
418.10	904.00
418.33	920.00
418.55	925.00
418.78	935.00
419.01	946.00
419.24	956.00
419.46	908.00
419.69	899.00
419.92	965.00
420.14	1008.00
420.37	1013.00
420.60	1035.00
420.83	1052.00
421.05	1037.00
421.28	1053.00
421.51	1004.00
421.74	1005.00
421.96	1001.00
422.19	911.00
422.42	918.00
422.65	980.00
422.87	1057.00
423.10	1059.00
423.33	1188.00
423.56	1031.00
423.78	1068.00
424.01	1069.00
424.24	1085.00
424.46	1041.00
424.69	1026.00
424.92	1068.00
425.15	1071.00
425.37	1073.00
425.60	1048.00
425.83	1063.00
426.05	1124.00
426.28	1119.00
426.51	1070.00
426.74	1018.00
426.96	1010.00
427.19	1054.00
427.42	1132.00
427.64	1127.00
427.87	1087.00
428.10	1091.00
428.33	1055.00
428.55	1046.00
428.78	1039.00
429.01	1055.00
429.23	994.00
429.46	963.00
429.69	853.00
429.92	848.00
430.14	852.00
430.37	849.00
430.60	875.00
430.82	979.00
431.05	1128.00
431.28	1271.00
431.50	1321.00
431.73	1253.00
431.96	1204.00
432.18	1148.00
432.41	1210.00
432.64	1327.00
432.86	1427.00
433.09	1287.00
433.32	1220.00
433.55	1109.00
433.77	1107.00
434.00	1194.00
434.23	1313.00
434.45	1339.00
434.68	1383.00
434.91	1309.00
435.13	1353.00
435.36	1415.00
435.59	1450.00
435.81	1425.00
436.04	1501.00
436.27	1470.00
436.49	1419.00
436.72	1413.00
436.95	1397.00
437.17	1355.00
437.40	1334.00
437.63	1354.00
437.85	1298.00
438.08	1176.00
438.31	1260.00
438.53	1353.00
438.76	1384.00
438.99	1403.00
439.21	1437.00
439.44	1465.00
439.66	1457.00
439.89	1387.00
440.12	1383.00
440.34	1433.00
440.57	1479.00
440.80	1566.00
441.02	1582.00
441.25	1548.00
441.48	1559.00
441.70	1617.00
441.93	1608.00
442.16	1605.00
442.38	1619.00
442.61	1573.00
442.83	1593.00
443.06	1569.00
443.29	1564.00
443.51	1631.00
443.74	1663.00
443.97	1640.00
444.19	1675.00
444.42	1686.00
444.64	1619.00
444.87	1647.00
445.10	1551.00
445.32	1475.00
445.55	1524.00
445.78	1597.00
446.00	1628.00
446.23	1653.00
446.45	1703.00
446.68	1790.00
446.91	1777.00
447.13	1827.00
447.36	1767.00
447.59	1787.00
447.81	1739.00
448.04	1721.00
448.26	1830.00
448.49	1785.00
448.72	1765.00
448.94	1801.00
449.17	1835.00
449.39	1823.00
449.62	1872.00
449.85	1991.00
450.07	1958.00
450.30	1990.00
450.52	1955.00
450.75	1982.00
450.98	1932.00
451.20	1935.00
451.43	1926.00
451.65	1929.00
451.88	1901.00
452.10	1839.00
452.33	1825.00
452.56	1739.00
452.78	1785.00
453.01	1829.00
453.23	1903.00
453.46	1953.00
453.69	2029.00
453.91	1949.00
454.14	1947.00
454.36	1920.00
454.59	1879.00
454.81	1953.00
455.04	1971.00
455.27	2019.00
455.49	2051.00
455.72	2105.00
455.94	2069.00
456.17	2074.00
456.39	2117.00
456.62	2098.00
456.85	2133.00
457.07	2146.00
457.30	2159.00
457.52	2143.00
457.75	2008.00
457.97	2069.00
458.20	2014.00
458.42	2103.00
458.65	2198.00
458.88	2113.00
459.10	2108.00
459.33	2088.00
459.55	2101.00
459.78	2121.00
460.00	2187.00
460.23	2206.00
460.45	2309.00
460.68	2280.00
460.91	2244.00
461.13	2247.00
461.36	2241.00
461.58	2252.00
461.81	2290.00
462.03	2347.00
462.26	2309.00
462.48	2283.00
462.71	2329.00
462.93	2335.00
463.16	2305.00
463.38	2254.00
463.61	2327.00
463.83	2281.00
464.06	2268.00
464.29	2221.00
464.51	2247.00
464.74	2345.00
464.96	2361.00
465.19	2312.00
465.41	2407.00
465.64	2460.00
465.86	2324.00
466.09	2329.00
466.31	2241.00
466.54	2253.00
466.76	2415.00
466.99	2459.00
467.21	2464.00
467.44	2533.00
467.66	2398.00
467.89	2477.00
468.11	2459.00
468.34	2461.00
468.56	2517.00
468.79	2511.00
469.01	2527.00
469.24	2507.00
469.46	2505.00
469.69	2453.00
469.91	2419.00
470.14	2469.00
470.36	2541.00
470.59	2512.00
470.81	2576.00
471.04	2578.00
471.26	2687.00
471.49	2811.00
471.71	2806.00
471.94	2773.00
472.16	2816.00
472.39	2696.00
472.61	2661.00
472.84	2695.00
473.06	2731.00
473.29	2771.00
473.51	2779.00
473.74	2877.00
473.96	2885.00
474.18	2953.00
474.41	2929.00
474.63	2926.00
474.86	2901.00
475.08	2853.00
475.31	2919.00
475.53	2989.00
475.76	2969.00
475.98	2847.00
476.21	2913.00
476.43	3037.00
476.66	3113.00
476.88	3147.00
477.11	3237.00
477.33	3231.00
477.55	3246.00
477.78	3249.00
478.00	3197.00
478.23	3177.00
478.45	3168.00
478.68	3239.00
478.90	3325.00
479.13	3399.00
479.35	3415.00
479.57	3379.00
479.80	3373.00
480.02	3413.00
480.25	3377.00
480.47	3370.00
480.70	3461.00
480.92	3527.00
481.15	3555.00
481.37	3604.00
481.59	3604.00
481.82	3563.00
482.04	3484.00
482.27	3606.00
482.49	3596.00
482.72	3567.00
482.94	3577.00
483.16	3613.00
483.39	3603.00
483.61	3532.00
483.84	3593.00
484.06	3629.00
484.29	3687.00
484.51	3607.00
484.73	3629.00
484.96	3513.00
485.18	3309.00
485.41	3127.00
485.63	2853.00
485.85	2753.00
486.08	3317.00
486.30	3501.00
486.53	3533.00
486.75	3418.00
486.97	3546.00
487.20	3705.00
487.42	3770.00
487.65	3815.00
487.87	3817.00
488.09	3783.00
488.32	3692.00
488.54	3669.00
488.77	3630.00
488.99	3833.00
489.21	3847.00
489.44	3844.00
489.66	3842.00
489.89	3839.00
490.11	3841.00
490.33	3838.00
490.56	3841.00
490.78	3839.00
491.01	3839.00
491.23	3837.00
491.45	3839.00
491.68	3843.00
491.90	3845.00
492.12	3841.00
492.35	3839.00
492.57	3841.00
492.80	3839.00
493.02	3837.00
493.24	3836.00
493.47	3840.00
493.69	3837.00
493.91	3837.00
494.14	3837.00
494.36	3839.00
494.59	3839.00
494.81	3837.00
495.03	3837.00
495.26	3833.00
495.48	3841.00
495.70	3841.00
495.93	3837.00
496.15	3835.00
496.37	3841.00
496.60	3838.00
496.82	3837.00
497.04	3837.00
497.27	3837.00
497.49	3839.00
497.71	3837.00
497.94	3841.00
498.16	3837.00
498.39	3836.00
498.61	3839.00
498.83	3837.00
499.06	3841.00
499.28	3837.00
499.50	3837.00
499.73	3839.00
499.95	3837.00
500.17	3837.00
500.40	3837.00
500.62	3841.00
500.84	3839.00
501.07	3841.00
501.29	3837.00
501.51	3839.00
501.74	3835.00
501.96	3841.00
502.18	3841.00
502.40	3835.00
502.63	3837.00
502.85	3837.00
503.07	3839.00
503.30	3837.00
503.52	3837.00
503.74	3839.00
503.97	3839.00
504.19	3841.00
504.41	3835.00
504.64	3837.00
504.86	3837.00
505.08	3837.00
505.31	3839.00
505.53	3837.00
505.75	3840.00
505.97	3838.00
506.20	3839.00
506.42	3837.00
506.64	3839.00
506.87	3835.00
507.09	3839.00
507.31	3837.00
507.53	3837.00
507.76	3839.00
507.98	3839.00
508.20	3839.00
508.43	3839.00
508.65	3839.00
508.87	3837.00
509.09	3839.00
509.32	3837.00
509.54	3843.00
509.76	3837.00
509.99	3839.00
510.21	3837.00
510.43	3841.00
510.65	3839.00
510.88	3839.00
511.10	3841.00
511.32	3837.00
511.55	3837.00
511.77	3841.00
511.99	3837.00
512.21	3837.00
512.44	3839.00
512.66	3837.00
512.88	3837.00
513.10	3834.00
513.33	3837.00
513.55	3837.00
513.77	3839.00
513.99	3837.00
514.22	3837.00
514.44	3841.00
514.66	3839.00
514.88	3837.00
515.11	3839.00
515.33	3838.00
515.55	3837.00
515.77	3836.00
516.00	3837.00
516.22	3839.00
516.44	3841.00
516.66	3841.00
516.89	3843.00
517.11	3839.00
517.33	3839.00
517.55	3839.00
517.78	3837.00
518.00	3841.00
518.22	3841.00
518.44	3837.00
518.66	3837.00
518.89	3837.00
519.11	3837.00
519.33	3839.00
519.55	3839.00
519.78	3841.00
520.00	3835.00
520.22	3837.00
520.44	3837.00
520.66	3838.00
520.89	3834.00
521.11	3837.00
521.33	3834.00
521.55	3837.00
521.78	3837.00
522.00	3838.00
522.22	3839.00
522.44	3839.00
522.66	3837.00
522.89	3838.00
523.11	3837.00
523.33	3839.00
523.55	3839.00
523.77	3841.00
524.00	3837.00
524.22	3839.00
524.44	3838.00
524.66	3837.00
524.88	3838.00
525.11	3835.00
525.33	3837.00
525.55	3837.00
525.77	3837.00
525.99	3839.00
526.21	3837.00
526.44	3837.00
526.66	3837.00
526.88	3837.00
527.10	3837.00
527.32	3837.00
527.55	3839.00
527.77	3837.00
527.99	3838.00
528.21	3837.00
528.43	3836.00
528.65	3839.00
528.88	3837.00
529.10	3838.00
529.32	3837.00
529.54	3837.00
529.76	3837.00
529.98	3837.00
530.21	3841.00
530.43	3837.00
530.65	3835.00
530.87	3837.00
531.09	3838.00
531.31	3837.00
531.54	3835.00
531.76	3841.00
531.98	3837.00
532.20	3837.00
532.42	3839.00
532.64	3840.00
532.86	3837.00
533.09	3836.00
533.31	3839.00
533.53	3841.00
533.75	3837.00
533.97	3839.00
534.19	3839.00
534.41	3831.00
534.64	3835.00
534.86	3837.00
535.08	3837.00
535.30	3837.00
535.52	3839.00
535.74	3839.00
535.96	3839.00
536.18	3837.00
536.41	3839.00
536.63	3839.00
536.85	3837.00
537.07	3839.00
537.29	3837.00
537.51	3836.00
537.73	3838.00
537.95	3839.00
538.18	3838.00
538.40	3838.00
538.62	3841.00
538.84	3837.00
539.06	3839.00
539.28	3837.00
539.50	3837.00
539.72	3839.00
539.94	3836.00
540.16	3837.00
540.39	3839.00
540.61	3837.00
540.83	3835.00
541.05	3837.00
541.27	3839.00
541.49	3836.00
541.71	3837.00
541.93	3837.00
542.15	3839.00
542.37	3837.00
542.60	3837.00
542.82	3839.00
543.04	3837.00
543.26	3839.00
543.48	3839.00
543.70	3841.00
543.92	3834.00
544.14	3839.00
544.36	3839.00
544.58	3835.00
544.80	3839.00
545.02	3839.00
545.25	3837.00
545.47	3837.00
545.69	3837.00
545.91	3837.00
546.13	3837.00
546.35	3837.00
546.57	3835.00
546.79	3837.00
547.01	3837.00
547.23	3837.00
547.45	3839.00
547.67	3839.00
547.89	3835.00
548.11	3841.00
548.33	3837.00
548.55	3841.00
548.77	3839.00
549.00	3838.00
549.22	3833.00
549.44	3839.00
549.66	3835.00
549.88	3839.00
550.10	3840.00
550.32	3837.00
550.54	3837.00
550.76	3837.00
550.98	3835.00
551.20	3839.00
551.42	3839.00
551.64	3839.00
551.86	3839.00
552.08	3837.00
552.30	3836.00
552.52	3836.00
552.74	3837.00
552.96	3837.00
553.18	3835.00
553.40	3839.00
553.62	3837.00
553.84	3837.00
554.06	3837.00
554.28	3839.00
554.50	3837.00
554.72	3837.00
554.94	3839.00
555.16	3837.00
555.38	3836.00
555.60	3837.00
555.82	3837.00
556.04	3839.00
556.26	3837.00
556.48	3837.00
556.70	3838.00
556.92	3841.00
557.14	3839.00
557.36	3837.00
557.58	3835.00
557.80	3837.00
558.02	3837.00
558.24	3835.00
558.46	3839.00
558.68	3837.00
558.90	3839.00
559.12	3841.00
559.34	3837.00
559.56	3835.00
559.78	3839.00
560.00	3837.00
560.22	3839.00
560.44	3837.00
560.66	3840.00
560.88	3837.00
561.10	3837.00
561.32	3835.00
561.54	3839.00
561.76	3839.00
561.98	3837.00
562.20	3837.00
562.42	3835.00
562.64	3837.00
562.86	3837.00
563.08	3837.00
563.30	3839.00
563.52	3837.00
563.74	3837.00
563.96	3837.00
564.18	3837.00
564.40	3841.00
564.62	3839.00
564.84	3837.00
565.06	3837.00
565.28	3834.00
565.49	3837.00
565.71	3835.00
565.93	3837.00
566.15	3841.00
566.37	3835.00
566.59	3839.00
566.81	3836.00
567.03	3839.00
567.25	3839.00
567.47	3835.00
567.69	3839.00
567.91	3837.00
568.13	3837.00
568.35	3837.00
568.57	3837.00
568.79	3837.00
569.00	3835.00
569.22	3837.00
569.44	3840.00
569.66	3837.00
569.88	3837.00
570.10	3837.00
570.32	3835.00
570.54	3837.00
570.76	3836.00
570.98	3839.00
571.20	3837.00
571.42	3837.00
571.63	3839.00
571.85	3837.00
572.07	3837.00
572.29	3839.00
572.51	3837.00
572.73	3843.00
572.95	3835.00
573.17	3839.00
573.39	3838.00
573.61	3837.00
573.82	3837.00
574.04	3835.00
574.26	3837.00
574.48	3837.00
574.70	3837.00
574.92	3837.00
575.14	3837.00
575.36	3840.00
575.58	3841.00
575.80	3837.00
576.01	3835.00
576.23	3836.00
576.45	3835.00
576.67	3839.00
576.89	3835.00
577.11	3837.00
577.33	3839.00
577.55	3839.00
577.76	3837.00
577.98	3839.00
578.20	3837.00
578.42	3837.00
578.64	3841.00
578.86	3837.00
579.08	3835.00
579.29	3837.00
579.51	3837.00
579.73	3837.00
579.95	3841.00
580.17	3836.00
580.39	3839.00
580.61	3835.00
580.82	3839.00
581.04	3839.00
581.26	3837.00
581.48	3839.00
581.70	3835.00
581.92	3837.00
582.14	3837.00
582.35	3839.00
582.57	3842.00
582.79	3837.00
583.01	3840.00
583.23	3837.00
583.45	3839.00
583.66	3837.00
583.88	3837.00
584.10	3839.00
584.32	3837.00
584.54	3839.00
584.76	3839.00
584.97	3837.00
585.19	3839.00
585.41	3837.00
585.63	3835.00
585.85	3839.00
586.06	3838.00
586.28	3837.00
586.50	3841.00
586.72	3837.00
586.94	3837.00
587.16	3837.00
587.37	3841.00
587.59	3839.00
587.81	3841.00
588.03	3837.00
588.25	3835.00
588.46	3836.00
588.68	3837.00
588.90	3837.00
589.12	3836.00
589.34	3836.00
589.55	3839.00
589.77	3839.00
589.99	3835.00
590.21	3839.00
590.43	3839.00
590.64	3837.00
590.86	3837.00
591.08	3835.00
591.30	3840.00
591.52	3839.00
591.73	3839.00
591.95	3835.00
592.17	3839.00
592.39	3837.00
592.60	3839.00
592.82	3841.00
593.04	3837.00
593.26	3837.00
593.47	3837.00
593.69	3836.00
593.91	3837.00
594.13	3837.00
594.35	3837.00
594.56	3835.00
594.78	3837.00
595.00	3835.00
595.22	3839.00
595.43	3839.00
595.65	3838.00
595.87	3837.00
596.09	3836.00
596.30	3836.00
596.52	3839.00
596.74	3837.00
596.96	3837.00
597.17	3835.00
597.39	3839.00
597.61	3837.00
597.83	3837.00
598.04	3837.00
598.26	3837.00
598.48	3837.00
598.70	3835.00
598.91	3837.00
599.13	3837.00
599.35	3837.00
599.56	3837.00
599.78	3837.00
600.00	3837.00
600.22	3839.00
600.43	3837.00
600.65	3835.00
600.87	3835.00
601.09	3839.00
601.30	3838.00
601.52	3837.00
601.74	3837.00
601.95	3833.00
602.17	3837.00
602.39	3831.00
602.61	3837.00
602.82	3837.00
603.04	3837.00
603.26	3837.00
603.47	3839.00
603.69	3836.00
603.91	3837.00
604.13	3837.00
604.34	3836.00
604.56	3839.00
604.78	3837.00
604.99	3837.00
605.21	3836.00
605.43	3837.00
605.64	3837.00
605.86	3837.00
606.08	3839.00
606.29	3837.00
606.51	3837.00
606.73	3837.00
606.94	3833.00
607.16	3835.00
607.38	3837.00
607.60	3837.00
607.81	3837.00
608.03	3839.00
608.25	3837.00
608.46	3837.00
608.68	3835.00
608.90	3835.00
609.11	3837.00
609.33	3837.00
609.55	3839.00
609.76	3833.00
609.98	3837.00
610.20	3839.00
610.41	3835.00
610.63	3837.00
610.85	3837.00
611.06	3836.00
611.28	3837.00
611.49	3837.00
611.71	3834.00
611.93	3835.00
612.14	3835.00
612.36	3839.00
612.58	3837.00
612.79	3837.00
613.01	3839.00
613.23	3834.00
613.44	3837.00
613.66	3837.00
613.88	3837.00
614.09	3839.00
614.31	3837.00
614.52	3837.00
614.74	3835.00
614.96	3837.00
615.17	3841.00
615.39	3837.00
615.61	3837.00
615.82	3837.00
616.04	3837.00
616.25	3839.00
616.47	3836.00
616.69	3839.00
616.90	3837.00
617.12	3836.00
617.34	3839.00
617.55	3837.00
617.77	3835.00
617.98	3837.00
618.20	3837.00
618.42	3837.00
618.63	3837.00
618.85	3836.00
619.06	3837.00
619.28	3838.00
619.50	3837.00
619.71	3835.00
619.93	3837.00
620.14	3837.00
620.36	3839.00
620.58	3837.00
620.79	3837.00
621.01	3837.00
621.22	3839.00
621.44	3837.00
621.65	3840.00
621.87	3837.00
622.09	3837.00
622.30	3839.00
622.52	3841.00
622.73	3837.00
622.95	3837.00
623.16	3839.00
623.38	3831.00
623.60	3837.00
623.81	3837.00
624.03	3838.00
624.24	3837.00
624.46	3837.00
624.67	3838.00
624.89	3837.00
625.11	3839.00
625.32	3839.00
625.54	3837.00
625.75	3838.00
625.97	3837.00
626.18	3837.00
626.40	3839.00
626.61	3837.00
626.83	3839.00
627.05	3839.00
627.26	3835.00
627.48	3841.00
627.69	3837.00
627.91	3839.00
628.12	3838.00
628.34	3837.00
628.55	3837.00
628.77	3837.00
628.98	3839.00
629.20	3835.00
629.41	3837.00
629.63	3835.00
629.84	3841.00
630.06	3839.00
630.28	3839.00
630.49	3839.00
630.71	3839.00
630.92	3837.00
631.14	3839.00
631.35	3839.00
631.57	3834.00
631.78	3837.00
632.00	3837.00
632.21	3837.00
632.43	3839.00
632.64	3831.00
632.86	3839.00
633.07	3837.00
633.29	3837.00
633.50	3837.00
633.72	3840.00
633.93	3837.00
634.15	3837.00
634.36	3837.00
634.58	3835.00
634.79	3837.00
635.01	3839.00
635.22	3834.00
635.44	3835.00
635.65	3839.00
635.87	3839.00
636.08	3840.00
636.30	3838.00
636.51	3839.00
636.73	3837.00
636.94	3837.00
637.16	3837.00
637.37	3839.00
637.58	3837.00
637.80	3841.00
638.01	3839.00
638.23	3841.00
638.44	3837.00
638.66	3838.00
638.87	3839.00
639.09	3839.00
639.30	3837.00
639.52	3837.00
639.73	3837.00
639.95	3837.00
640.16	3837.00
640.37	3841.00
640.59	3835.00
640.80	3837.00
641.02	3837.00
641.23	3841.00
641.45	3837.00
641.66	3837.00
641.88	3837.00
642.09	3837.00
642.30	3837.00
642.52	3841.00
642.73	3837.00
642.95	3839.00
643.16	3835.00
643.38	3836.00
643.59	3838.00
643.80	3837.00
644.02	3839.00
644.23	3839.00
644.45	3839.00
644.66	3839.00
644.88	3837.00
645.09	3838.00
645.30	3839.00
645.52	3841.00
645.73	3839.00
645.95	3843.00
646.16	3841.00
646.38	3843.00
646.59	3842.00
646.80	3841.00
647.02	3813.00
647.23	3701.00
647.45	3605.00
647.66	3615.00
647.87	3727.00
648.09	3751.00
648.30	3697.00
648.52	3455.00
648.73	3349.00
648.94	3551.00
649.16	3721.00
649.37	3793.00
649.58	3813.00
649.80	3833.00
650.01	3839.00
650.23	3839.00
650.44	3835.00
650.65	3672.00
650.87	3302.00
651.08	3473.00
651.30	3733.00
651.51	3709.00
651.72	3759.00
651.94	3785.00
652.15	3807.00
652.36	3747.00
652.58	3648.00
652.79	3745.00
653.00	3779.00
653.22	3789.00
653.43	3675.00
653.65	3592.00
653.86	3507.00
654.07	3589.00
654.29	3529.00
654.50	3453.00
654.71	3409.00
654.93	3357.00
655.14	3159.00
655.35	2439.00
655.57	2623.00
655.78	3181.00
655.99	3367.00
656.21	3431.00
656.42	3416.00
656.63	3381.00
656.85	3591.00
657.06	3667.00
657.27	3625.00
657.49	3607.00
657.70	3541.00
657.91	3618.00
658.13	3650.00
658.34	3563.00
658.55	3551.00
658.77	3629.00
658.98	3657.00
659.19	3655.00
659.41	3689.00
659.62	3633.00
659.83	3621.00
660.05	3593.00
660.26	3581.00
660.47	3593.00
660.69	3625.00
660.90	3617.00
661.11	3665.00
661.32	3635.00
661.54	3605.00
661.75	3593.00
661.96	3560.00
662.18	3591.00
662.39	3515.00
662.60	3515.00
662.82	3583.00
663.03	3571.00
663.24	3524.00
663.45	3450.00
663.67	3519.00
663.88	3546.00
664.09	3555.00
664.30	3543.00
664.52	3531.00
664.73	3559.00
664.94	3565.00
665.16	3513.00
665.37	3395.00
665.58	3455.00
665.79	3485.00
666.01	3503.00
666.22	3471.00
666.43	3469.00
666.64	3451.00
666.86	3389.00
667.07	3451.00
667.28	3483.00
667.50	3485.00
667.71	3477.00
667.92	3441.00
668.13	3436.00
668.35	3463.00
668.56	3413.00
668.77	3365.00
668.98	3380.00
669.20	3397.00
669.41	3367.00
669.62	3343.00
669.83	3369.00
670.04	3357.00
670.26	3336.00
670.47	3321.00
670.68	3269.00
670.89	3243.00
671.11	3261.00
671.32	3282.00
671.53	3305.00
671.74	3314.00
671.96	3327.00
672.17	3303.00
672.38	3293.00
672.59	3289.00
672.80	3288.00
673.02	3262.00
673.23	3244.00
673.44	3292.00
673.65	3258.00
673.87	3235.00
674.08	3211.00
674.29	3201.00
674.50	3277.00
674.71	3203.00
674.93	3213.00
675.14	3213.00
675.35	3229.00
675.56	3261.00
675.77	3145.00
675.99	3153.00
676.20	3173.00
676.41	3207.00
676.62	3219.00
676.83	3217.00
677.04	3233.00
677.26	3163.00
677.47	3143.00
677.68	3163.00
677.89	3205.00
678.10	3221.00
678.32	3191.00
678.53	3171.00
678.74	3159.00
678.95	3129.00
679.16	3150.00
679.37	3153.00
679.59	3127.00
679.80	3117.00
680.01	3098.00
680.22	3097.00
680.43	3095.00
680.64	3087.00
680.86	3109.00
681.07	3057.00
681.28	3085.00
681.49	3083.00
681.70	3027.00
681.91	3051.00
682.12	3047.00
682.34	3047.00
682.55	3035.00
682.76	3003.00
682.97	2969.00
683.18	2917.00
683.39	2967.00
683.60	3031.00
683.82	3003.00
684.03	3059.00
684.24	3003.00
684.45	2921.00
684.66	2925.00
684.87	2943.00
685.08	2924.00
685.30	2953.00
685.51	2849.00
685.72	2198.00
685.93	1890.00
686.14	1909.00
686.35	2018.00
686.56	2173.00
686.77	2337.00
686.98	2579.00
687.20	2649.00
687.41	2609.00
687.62	2523.00
687.83	2418.00
688.04	2503.00
688.25	2446.00
688.46	2437.00
688.67	2527.00
688.88	2479.00
689.09	2587.00
689.31	2501.00
689.52	2671.00
689.73	2599.00
689.94	2678.00
690.15	2615.00
690.36	2601.00
690.57	2609.00
690.78	2597.00
690.99	2653.00
691.20	2492.00
691.41	2501.00
691.62	2501.00
691.84	2349.00
692.05	2355.00
692.26	2378.00
692.47	2481.00
692.68	2393.00
692.89	2199.00
693.10	2161.00
693.31	2331.00
693.52	2407.00
693.73	2339.00
693.94	2389.00
694.15	2438.00
694.36	2441.00
694.57	2389.00
694.78	2432.00
694.99	2419.00
695.21	2519.00
695.42	2605.00
695.63	2696.00
695.84	2661.00
696.05	2673.00
696.26	2677.00
696.47	2645.00
696.68	2521.00
696.89	2535.00
697.10	2626.00
697.31	2599.00
697.52	2455.00
697.73	2314.00
697.94	2365.00
698.15	2277.00
698.36	2421.00
698.57	2436.00
698.78	2321.00
698.99	2427.00
699.20	2323.00
699.41	2181.00
699.62	2332.00
699.83	2325.00
700.04	2389.00
700.25	2399.00
700.46	2242.00
700.67	2298.00
700.88	2394.00
701.09	2341.00
701.30	2349.00
701.51	2157.00
701.72	2325.00
701.93	2449.00
702.14	2566.00
702.35	2561.00
702.56	2418.00
702.77	2331.00
702.98	2416.00
703.19	2482.00
703.40	2499.00
703.61	2497.00
703.82	2433.00
704.03	2318.00
704.24	2381.00
704.45	2408.00
704.66	2449.00
704.87	2453.00
705.08	2457.00
705.29	2422.00
705.50	2397.00
705.71	2452.00
705.92	2470.00
706.13	2463.00
706.34	2434.00
706.55	2365.00
706.76	2381.00
706.97	2423.00
707.18	2467.00
707.39	2437.00
707.60	2437.00
707.80	2419.00
708.01	2477.00
708.22	2407.00
708.43	2421.00
708.64	2429.00
708.85	2434.00
709.06	2455.00
709.27	2451.00
709.48	2407.00
709.69	2425.00
709.90	2393.00
710.11	2445.00
710.32	2441.00
710.53	2397.00
710.74	2425.00
710.95	2376.00
711.15	2397.00
711.36	2449.00
711.57	2373.00
711.78	2312.00
711.99	2315.00
712.20	2360.00
712.41	2363.00
712.62	2354.00
712.83	2333.00
713.04	2305.00
713.25	2284.00
713.46	2196.00
713.66	2213.00
713.87	2156.00
714.08	2240.00
714.29	2227.00
714.50	2215.00
714.71	2201.00
714.92	2132.00
715.13	1977.00
715.34	1765.00
715.54	1638.00
715.75	1516.00
715.96	1355.00
716.17	1417.00
716.38	1309.00
716.59	1465.00
716.80	1589.00
717.01	1563.00
717.22	1298.00
717.42	1168.00
717.63	1483.00
717.84	1329.00
718.05	1292.00
718.26	1363.00
718.47	1337.00
718.68	1281.00
718.88	1285.00
719.09	1302.00
719.30	1341.00
719.51	1536.00
719.72	1665.00
719.93	1865.00
720.14	1944.00
720.34	1842.00
720.55	1856.00
720.76	1995.00
720.97	1857.00
721.18	1917.00
721.39	1782.00
721.60	1881.00
721.80	1730.00
722.01	1419.00
722.22	1293.00
722.43	1519.00
722.64	1408.00
722.85	1484.00
723.05	1389.00
723.26	1426.00
723.47	1540.00
723.68	1555.00
723.89	1281.00
724.10	1469.00
724.30	1487.00
724.51	1529.00
724.72	1454.00
724.93	1411.00
725.14	1281.00
725.34	1539.00
725.55	1602.00
725.76	1641.00
725.97	1507.00
726.18	1300.00
726.38	1149.00
726.59	1388.00
726.80	1501.00
727.01	1691.00
727.22	1728.00
727.42	1493.00
727.63	1286.00
727.84	1229.00
728.05	1272.00
728.26	1509.00
728.46	1576.00
728.67	1561.00
728.88	1341.00
729.09	1391.00
729.29	1566.00
729.50	1417.00
729.71	1403.00
729.92	1482.00
730.13	1503.00
730.33	1397.00
730.54	1517.00
730.75	1701.00
730.96	1727.00
731.16	1743.00
731.37	1713.00
731.58	1752.00
731.79	1679.00
731.99	1639.00
732.20	1745.00
732.41	1849.00
732.62	1858.00
732.82	1855.00
733.03	1773.00
733.24	1807.00
733.45	1689.00
733.65	1717.00
733.86	1738.00
734.07	1713.00
734.28	1721.00
734.48	1695.00
734.69	1638.00
734.90	1653.00
735.11	1656.00
735.31	1690.00
735.52	1660.00
735.73	1746.00
735.94	1793.00
736.14	1791.00
736.35	1760.00
736.56	1789.00
736.76	1705.00
736.97	1679.00
737.18	1707.00
737.39	1690.00
737.59	1665.00
737.80	1691.00
738.01	1733.00
738.21	1714.00
738.42	1757.00
738.63	1786.00
738.83	1781.00
739.04	1781.00
739.25	1777.00
739.46	1700.00
739.66	1669.00
739.87	1701.00
740.08	1673.00
740.28	1725.00
740.49	1731.00
740.70	1705.00
740.90	1713.00
741.11	1763.00
741.32	1785.00
741.52	1822.00
741.73	1789.00
741.94	1781.00
742.14	1769.00
742.35	1777.00
742.56	1722.00
742.76	1687.00
742.97	1685.00
743.18	1707.00
743.38	1717.00
743.59	1746.00
743.80	1751.00
744.00	1726.00
744.21	1749.00
744.42	1760.00
744.62	1715.00
744.83	1705.00
745.04	1669.00
745.24	1687.00
745.45	1635.00
745.66	1687.00
745.86	1658.00
746.07	1669.00
746.28	1690.00
746.48	1712.00
746.69	1688.00
746.89	1662.00
747.10	1677.00
747.31	1657.00
747.51	1631.00
747.72	1629.00
747.93	1602.00
748.13	1574.00
748.34	1589.00
748.54	1609.00
748.75	1625.00
748.96	1632.00
749.16	1619.00
749.37	1629.00
749.58	1628.00
749.78	1621.00
749.99	1585.00
750.19	1587.00
750.40	1603.00
750.61	1591.00
750.81	1595.00
751.02	1607.00
751.22	1583.00
751.43	1592.00
751.64	1532.00
751.84	1575.00
752.05	1590.00
752.25	1573.00
752.46	1579.00
752.66	1566.00
752.87	1583.00
753.08	1581.00
753.28	1573.00
753.49	1575.00
753.69	1566.00
753.90	1553.00
754.11	1530.00
754.31	1548.00
754.52	1585.00
754.72	1565.00
754.93	1568.00
755.13	1547.00
755.34	1546.00
755.54	1531.00
755.75	1511.00
755.96	1523.00
756.16	1496.00
756.37	1511.00
756.57	1513.00
756.78	1486.00
756.98	1444.00
757.19	1442.00
757.39	1457.00
757.60	1329.00
757.81	943.00
758.01	676.00
758.22	534.00
758.42	427.00
758.63	363.00
758.83	348.00
759.04	354.00
759.24	371.00
759.45	426.00
759.65	527.00
759.86	629.00
760.06	931.00
760.27	1015.00
760.47	941.00
760.68	787.00
760.88	707.00
761.09	637.00
761.29	655.00
761.50	617.00
761.70	659.00
761.91	669.00
762.11	726.00
762.32	671.00
762.52	783.00
762.73	712.00
762.93	892.00
763.14	811.00
763.34	870.00
763.55	927.00
763.75	895.00
763.96	996.00
764.16	961.00
764.37	1017.00
764.57	1094.00
764.78	1023.00
764.98	1117.00
765.19	1147.00
765.39	1137.00
765.60	1221.00
765.80	1213.00
766.01	1200.00
766.21	1222.00
766.42	1206.00
766.62	1213.00
766.83	1288.00
767.03	1277.00
767.24	1260.00
767.44	1269.00
767.64	1285.00
767.85	1307.00
768.05	1263.00
768.26	1291.00
768.46	1308.00
768.67	1313.00
768.87	1338.00
769.08	1307.00
769.28	1281.00
769.48	1269.00
769.69	1241.00
769.89	1268.00
770.10	1262.00
770.30	1254.00
770.51	1252.00
770.71	1296.00
770.91	1277.00
771.12	1268.00
771.32	1267.00
771.53	1261.00
771.73	1244.00
771.94	1274.00
772.14	1217.00
772.34	1208.00
772.55	1179.00
772.75	1188.00
772.96	1178.00
773.16	1196.00
773.36	1195.00
773.57	1191.00
773.77	1162.00
773.98	1172.00
774.18	1156.00
774.38	1160.00
774.59	1134.00
774.79	1154.00
775.00	1149.00
775.20	1132.00
775.40	1097.00
775.61	1085.00
775.81	1093.00
776.02	1073.00
776.22	1055.00
776.42	1077.00
776.63	1108.00
776.83	1088.00
777.04	1073.00
777.24	1054.00
777.44	1094.00
777.65	1054.00
777.85	1041.00
778.05	1015.00
778.26	1029.00
778.46	1031.00
778.66	1001.00
778.87	1011.00
779.07	985.00
779.28	979.00
779.48	981.00
779.68	1003.00
779.89	999.00
780.09	986.00
780.29	980.00
780.50	973.00
780.70	957.00
780.90	942.00
781.11	933.00
781.31	905.00
781.51	915.00
781.72	892.00
781.92	899.00
782.12	883.00
782.33	865.00
782.53	854.00
782.73	873.00
782.94	851.00
783.14	841.00
783.34	831.00
783.55	797.00
783.75	889.00
783.95	780.00
784.15	780.00
784.36	759.00
784.56	724.00
784.76	707.00
784.97	702.00
785.17	714.00
785.37	709.00
785.58	691.00
785.78	687.00
785.98	674.00
786.19	697.00
786.39	686.00
786.59	679.00
786.79	672.00
787.00	660.00
