339.90	0.00
340.13	170.00
340.37	167.00
340.60	167.00
340.83	171.00
341.06	169.00
341.29	170.00
341.52	171.00
341.75	173.00
341.98	173.00
342.21	174.00
342.44	173.00
342.67	176.00
342.91	173.00
343.14	175.00
343.37	174.00
343.60	177.00
343.83	171.00
344.06	171.00
344.29	170.00
344.52	172.00
344.75	177.00
344.98	180.00
345.21	173.00
345.44	177.00
345.68	172.00
345.91	180.00
346.14	175.00
346.37	178.00
346.60	171.00
346.83	178.00
347.06	177.00
347.29	177.00
347.52	177.00
347.75	174.00
347.98	175.00
348.21	173.00
348.44	173.00
348.67	176.00
348.90	174.00
349.14	175.00
349.37	174.00
349.60	170.00
349.83	173.00
350.06	172.00
350.29	180.00
350.52	175.00
350.75	177.00
350.98	176.00
351.21	178.00
351.44	172.00
351.67	172.00
351.90	175.00
352.13	175.00
352.36	179.00
352.59	172.00
352.82	175.00
353.05	179.00
353.29	174.00
353.52	177.00
353.75	176.00
353.98	180.00
354.21	175.00
354.44	176.00
354.67	179.00
354.90	176.00
355.13	174.00
355.36	171.00
355.59	176.00
355.82	193.00
356.05	174.00
356.28	180.00
356.51	174.00
356.74	172.00
356.97	173.00
357.20	180.00
357.43	179.00
357.66	174.00
357.89	173.00
358.12	177.00
358.35	177.00
358.58	175.00
358.81	174.00
359.04	175.00
359.27	175.00
359.50	175.00
359.73	179.00
359.96	183.00
360.19	174.00
360.42	175.00
360.65	176.00
360.88	181.00
361.11	175.00
361.34	180.00
361.57	173.00
361.80	175.00
362.03	178.00
362.26	175.00
362.49	181.00
362.72	180.00
362.95	179.00
363.18	178.00
363.41	176.00
363.64	179.00
363.87	179.00
364.10	177.00
364.33	176.00
364.56	183.00
364.79	175.00
365.02	184.00
365.25	194.00
365.48	237.00
365.71	327.00
365.94	347.00
366.17	360.00
366.40	300.00
366.63	239.00
366.86	215.00
367.09	209.00
367.32	209.00
367.55	201.00
367.78	189.00
368.01	183.00
368.24	177.00
368.47	178.00
368.70	178.00
368.93	177.00
369.16	177.00
369.39	173.00
369.62	178.00
369.85	176.00
370.08	177.00
370.31	175.00
370.54	180.00
370.77	173.00
371.00	179.00
371.23	181.00
371.46	181.00
371.69	176.00
371.92	175.00
372.15	178.00
372.38	179.00
372.61	180.00
372.84	180.00
373.07	177.00
373.30	174.00
373.53	178.00
373.76	182.00
373.98	175.00
374.21	178.00
374.44	178.00
374.67	178.00
374.90	178.00
375.13	180.00
375.36	179.00
375.59	178.00
375.82	181.00
376.05	175.00
376.28	180.00
376.51	176.00
376.74	178.00
376.97	177.00
377.20	181.00
377.43	178.00
377.66	174.00
377.89	177.00
378.12	180.00
378.34	179.00
378.57	176.00
378.80	174.00
379.03	181.00
379.26	176.00
379.49	180.00
379.72	177.00
379.95	176.00
380.18	177.00
380.41	175.00
380.64	180.00
380.87	177.00
381.10	179.00
381.33	176.00
381.55	178.00
381.78	178.00
382.01	180.00
382.24	180.00
382.47	180.00
382.70	174.00
382.93	175.00
383.16	179.00
383.39	178.00
383.62	178.00
383.85	183.00
384.08	182.00
384.30	180.00
384.53	180.00
384.76	181.00
384.99	185.00
385.22	181.00
385.45	177.00
385.68	175.00
385.91	181.00
386.14	179.00
386.37	178.00
386.60	183.00
386.82	178.00
387.05	180.00
387.28	176.00
387.51	177.00
387.74	179.00
387.97	180.00
388.20	177.00
388.43	184.00
388.66	184.00
388.88	175.00
389.11	175.00
389.34	175.00
389.57	183.00
389.80	182.00
390.03	179.00
390.26	179.00
390.49	179.00
390.72	177.00
390.94	177.00
391.17	179.00
391.40	177.00
391.63	179.00
391.86	179.00
392.09	182.00
392.32	180.00
392.55	182.00
392.77	185.00
393.00	185.00
393.23	182.00
393.46	178.00
393.69	176.00
393.92	180.00
394.15	184.00
394.38	183.00
394.60	177.00
394.83	183.00
395.06	179.00
395.29	182.00
395.52	181.00
395.75	184.00
395.98	175.00
396.20	178.00
396.43	179.00
396.66	183.00
396.89	187.00
397.12	183.00
397.35	183.00
397.58	181.00
397.80	178.00
398.03	174.00
398.26	180.00
398.49	182.00
398.72	179.00
398.95	180.00
399.17	179.00
399.40	178.00
399.63	179.00
399.86	177.00
400.09	184.00
400.32	178.00
400.54	181.00
400.77	178.00
401.00	176.00
401.23	179.00
401.46	181.00
401.69	180.00
401.91	181.00
402.14	178.00
402.37	181.00
402.60	182.00
402.83	181.00
403.06	181.00
403.28	183.00
403.51	184.00
403.74	184.00
403.97	183.00
404.20	185.00
404.43	188.00
404.65	194.00
404.88	213.00
405.11	297.00
405.34	569.00
405.57	700.00
405.79	775.00
406.02	665.00
406.25	374.00
406.48	217.00
406.71	190.00
406.93	182.00
407.16	179.00
407.39	181.00
407.62	179.00
407.85	183.00
408.08	187.00
408.30	197.00
408.53	212.00
408.76	219.00
408.99	220.00
409.22	208.00
409.44	184.00
409.67	181.00
409.90	181.00
410.13	182.00
410.35	177.00
410.58	178.00
410.81	180.00
411.04	183.00
411.27	186.00
411.49	178.00
411.72	180.00
411.95	180.00
412.18	186.00
412.41	182.00
412.63	177.00
412.86	181.00
413.09	182.00
413.32	181.00
413.54	179.00
413.77	181.00
414.00	184.00
414.23	182.00
414.46	180.00
414.68	181.00
414.91	180.00
415.14	179.00
415.37	181.00
415.59	181.00
415.82	179.00
416.05	182.00
416.28	180.00
416.50	176.00
416.73	183.00
416.96	182.00
417.19	181.00
417.41	181.00
417.64	177.00
417.87	183.00
418.10	180.00
418.33	184.00
418.55	182.00
418.78	183.00
419.01	182.00
419.24	181.00
419.46	181.00
419.69	180.00
419.92	177.00
420.14	183.00
420.37	180.00
420.60	179.00
420.83	186.00
421.05	183.00
421.28	178.00
421.51	182.00
421.74	179.00
421.96	179.00
422.19	178.00
422.42	181.00
422.65	180.00
422.87	180.00
423.10	178.00
423.33	200.00
423.56	178.00
423.78	182.00
424.01	181.00
424.24	182.00
424.46	183.00
424.69	181.00
424.92	181.00
425.15	176.00
425.37	180.00
425.60	184.00
425.83	178.00
426.05	179.00
426.28	178.00
426.51	181.00
426.74	179.00
426.96	180.00
427.19	178.00
427.42	187.00
427.64	181.00
427.87	180.00
428.10	181.00
428.33	175.00
428.55	181.00
428.78	176.00
429.01	181.00
429.23	181.00
429.46	183.00
429.69	181.00
429.92	184.00
430.14	179.00
430.37	182.00
430.60	181.00
430.82	181.00
431.05	179.00
431.28	178.00
431.50	180.00
431.73	176.00
431.96	182.00
432.18	184.00
432.41	186.00
432.64	184.00
432.86	209.00
433.09	184.00
433.32	185.00
433.55	179.00
433.77	188.00
434.00	187.00
434.23	188.00
434.45	194.00
434.68	191.00
434.91	192.00
435.13	201.00
435.36	204.00
435.59	223.00
435.81	241.00
436.04	279.00
436.27	512.00
436.49	1643.00
436.72	3069.00
436.95	3607.00
437.17	3031.00
437.40	1226.00
437.63	293.00
437.85	215.00
438.08	202.00
438.31	186.00
438.53	188.00
438.76	186.00
438.99	185.00
439.21	185.00
439.44	184.00
439.66	182.00
439.89	183.00
440.12	181.00
440.34	184.00
440.57	188.00
440.80	183.00
441.02	180.00
441.25	179.00
441.48	179.00
441.70	184.00
441.93	183.00
442.16	184.00
442.38	183.00
442.61	180.00
442.83	183.00
443.06	186.00
443.29	180.00
443.51	180.00
443.74	179.00
443.97	177.00
444.19	176.00
444.42	178.00
444.64	176.00
444.87	183.00
445.10	180.00
445.32	180.00
445.55	182.00
445.78	179.00
446.00	179.00
446.23	181.00
446.45	179.00
446.68	184.00
446.91	178.00
447.13	181.00
447.36	180.00
447.59	183.00
447.81	179.00
448.04	184.00
448.26	181.00
448.49	177.00
448.72	182.00
448.94	174.00
449.17	181.00
449.39	179.00
449.62	177.00
449.85	178.00
450.07	179.00
450.30	177.00
450.52	184.00
450.75	182.00
450.98	177.00
451.20	177.00
451.43	177.00
451.65	180.00
451.88	183.00
452.10	179.00
452.33	175.00
452.56	178.00
452.78	185.00
453.01	176.00
453.23	179.00
453.46	178.00
453.69	181.00
453.91	179.00
454.14	177.00
454.36	182.00
454.59	178.00
454.81	176.00
455.04	178.00
455.27	177.00
455.49	175.00
455.72	180.00
455.94	177.00
456.17	176.00
456.39	177.00
456.62	178.00
456.85	180.00
457.07	178.00
457.30	176.00
457.52	181.00
457.75	179.00
457.97	182.00
458.20	180.00
458.42	177.00
458.65	179.00
458.88	180.00
459.10	177.00
459.33	176.00
459.55	174.00
459.78	183.00
460.00	179.00
460.23	177.00
460.45	177.00
460.68	183.00
460.91	177.00
461.13	179.00
461.36	177.00
461.58	176.00
461.81	181.00
462.03	181.00
462.26	177.00
462.48	179.00
462.71	178.00
462.93	174.00
463.16	178.00
463.38	180.00
463.61	177.00
463.83	177.00
464.06	177.00
464.29	182.00
464.51	184.00
464.74	177.00
464.96	176.00
465.19	179.00
465.41	183.00
465.64	180.00
465.86	179.00
466.09	183.00
466.31	180.00
466.54	183.00
466.76	179.00
466.99	180.00
467.21	182.00
467.44	184.00
467.66	178.00
467.89	181.00
468.11	176.00
468.34	180.00
468.56	177.00
468.79	175.00
469.01	180.00
469.24	181.00
469.46	176.00
469.69	177.00
469.91	180.00
470.14	177.00
470.36	179.00
470.59	181.00
470.81	179.00
471.04	175.00
471.26	176.00
471.49	178.00
471.71	176.00
471.94	177.00
472.16	174.00
472.39	181.00
472.61	177.00
472.84	178.00
473.06	179.00
473.29	184.00
473.51	175.00
473.74	181.00
473.96	181.00
474.18	181.00
474.41	178.00
474.63	176.00
474.86	181.00
475.08	178.00
475.31	182.00
475.53	178.00
475.76	180.00
475.98	179.00
476.21	178.00
476.43	174.00
476.66	183.00
476.88	177.00
477.11	178.00
477.33	173.00
477.55	174.00
477.78	179.00
478.00	172.00
478.23	178.00
478.45	177.00
478.68	178.00
478.90	183.00
479.13	173.00
479.35	177.00
479.57	184.00
479.80	171.00
480.02	176.00
480.25	186.00
480.47	178.00
480.70	177.00
480.92	182.00
481.15	175.00
481.37	179.00
481.59	177.00
481.82	178.00
482.04	176.00
482.27	184.00
482.49	180.00
482.72	174.00
482.94	184.00
483.16	179.00
483.39	180.00
483.61	181.00
483.84	182.00
484.06	180.00
484.29	179.00
484.51	177.00
484.73	179.00
484.96	177.00
485.18	177.00
485.41	180.00
485.63	180.00
485.85	174.00
486.08	177.00
486.30	178.00
486.53	177.00
486.75	173.00
486.97	175.00
487.20	173.00
487.42	179.00
487.65	180.00
487.87	181.00
488.09	183.00
488.32	178.00
488.54	177.00
488.77	180.00
488.99	178.00
489.21	177.00
489.44	176.00
489.66	173.00
489.89	174.00
490.11	178.00
490.33	175.00
490.56	176.00
490.78	178.00
491.01	178.00
491.23	178.00
491.45	175.00
491.68	176.00
491.90	177.00
492.12	184.00
492.35	186.00
492.57	201.00
492.80	194.00
493.02	185.00
493.24	176.00
493.47	176.00
493.69	179.00
493.91	178.00
494.14	179.00
494.36	177.00
494.59	180.00
494.81	181.00
495.03	178.00
495.26	176.00
495.48	177.00
495.70	175.00
495.93	177.00
496.15	182.00
496.37	179.00
496.60	182.00
496.82	175.00
497.04	178.00
497.27	179.00
497.49	180.00
497.71	180.00
497.94	183.00
498.16	177.00
498.39	180.00
498.61	179.00
498.83	178.00
499.06	178.00
499.28	176.00
499.50	169.00
499.73	175.00
499.95	180.00
500.17	181.00
500.40	180.00
500.62	178.00
500.84	176.00
501.07	179.00
501.29	175.00
501.51	177.00
501.74	178.00
501.96	179.00
502.18	178.00
502.40	180.00
502.63	179.00
502.85	182.00
503.07	176.00
503.30	177.00
503.52	184.00
503.74	175.00
503.97	177.00
504.19	180.00
504.41	178.00
504.64	174.00
504.86	179.00
505.08	178.00
505.31	170.00
505.53	182.00
505.75	180.00
505.97	180.00
506.20	177.00
506.42	175.00
506.64	177.00
506.87	175.00
507.09	176.00
507.31	177.00
507.53	177.00
507.76	173.00
507.98	179.00
508.20	181.00
508.43	181.00
508.65	179.00
508.87	180.00
509.09	174.00
509.32	178.00
509.54	179.00
509.76	175.00
509.99	177.00
510.21	180.00
510.43	181.00
510.65	179.00
510.88	178.00
511.10	179.00
511.32	178.00
511.55	178.00
511.77	178.00
511.99	177.00
512.21	177.00
512.44	175.00
512.66	170.00
512.88	174.00
513.10	177.00
513.33	178.00
513.55	179.00
513.77	179.00
513.99	175.00
514.22	177.00
514.44	172.00
514.66	180.00
514.88	175.00
515.11	169.00
515.33	176.00
515.55	177.00
515.77	173.00
516.00	176.00
516.22	176.00
516.44	181.00
516.66	178.00
516.89	176.00
517.11	180.00
517.33	176.00
517.55	173.00
517.78	175.00
518.00	178.00
518.22	179.00
518.44	178.00
518.66	177.00
518.89	183.00
519.11	180.00
519.33	178.00
519.55	174.00
519.78	177.00
520.00	174.00
520.22	177.00
520.44	177.00
520.66	175.00
520.89	179.00
521.11	191.00
521.33	179.00
521.55	179.00
521.78	180.00
522.00	178.00
522.22	177.00
522.44	176.00
522.66	180.00
522.89	179.00
523.11	177.00
523.33	179.00
523.55	178.00
523.77	179.00
524.00	178.00
524.22	177.00
524.44	178.00
524.66	177.00
524.88	176.00
525.11	177.00
525.33	181.00
525.55	178.00
525.77	180.00
525.99	177.00
526.21	178.00
526.44	180.00
526.66	174.00
526.88	180.00
527.10	182.00
527.32	175.00
527.55	180.00
527.77	177.00
527.99	174.00
528.21	175.00
528.43	173.00
528.65	175.00
528.88	179.00
529.10	178.00
529.32	181.00
529.54	175.00
529.76	178.00
529.98	178.00
530.21	178.00
530.43	175.00
530.65	178.00
530.87	179.00
531.09	173.00
531.31	174.00
531.54	174.00
531.76	177.00
531.98	178.00
532.20	178.00
532.42	177.00
532.64	177.00
532.86	181.00
533.09	180.00
533.31	180.00
533.53	180.00
533.75	174.00
533.97	176.00
534.19	178.00
534.41	178.00
534.64	176.00
534.86	176.00
535.08	175.00
535.30	176.00
535.52	176.00
535.74	177.00
535.96	180.00
536.18	181.00
536.41	177.00
536.63	176.00
536.85	180.00
537.07	181.00
537.29	179.00
537.51	173.00
537.73	179.00
537.95	179.00
538.18	183.00
538.40	177.00
538.62	173.00
538.84	178.00
539.06	182.00
539.28	179.00
539.50	184.00
539.72	183.00
539.94	175.00
540.16	182.00
540.39	178.00
540.61	177.00
540.83	177.00
541.05	177.00
541.27	177.00
541.49	178.00
541.71	176.00
541.93	179.00
542.15	177.00
542.37	182.00
542.60	186.00
542.82	186.00
543.04	185.00
543.26	189.00
543.48	185.00
543.70	188.00
543.92	191.00
544.14	193.00
544.36	190.00
544.58	197.00
544.80	201.00
545.02	211.00
545.25	216.00
545.47	221.00
545.69	236.00
545.91	253.00
546.13	307.00
546.35	437.00
546.57	1669.00
546.79	4095.00
547.01	4095.00
547.23	4095.00
547.45	3141.00
547.67	437.00
547.89	271.00
548.11	228.00
548.33	216.00
548.55	199.00
548.77	199.00
549.00	196.00
549.22	189.00
549.44	187.00
549.66	188.00
549.88	187.00
550.10	186.00
550.32	185.00
550.54	184.00
550.76	189.00
550.98	176.00
551.20	189.00
551.42	185.00
551.64	183.00
551.86	181.00
552.08	191.00
552.30	183.00
552.52	182.00
552.74	178.00
552.96	178.00
553.18	176.00
553.40	175.00
553.62	178.00
553.84	179.00
554.06	176.00
554.28	177.00
554.50	180.00
554.72	179.00
554.94	176.00
555.16	177.00
555.38	178.00
555.60	181.00
555.82	177.00
556.04	177.00
556.26	178.00
556.48	181.00
556.70	182.00
556.92	180.00
557.14	178.00
557.36	175.00
557.58	180.00
557.80	176.00
558.02	181.00
558.24	176.00
558.46	176.00
558.68	179.00
558.90	176.00
559.12	178.00
559.34	173.00
559.56	177.00
559.78	178.00
560.00	181.00
560.22	179.00
560.44	178.00
560.66	178.00
560.88	177.00
561.10	175.00
561.32	180.00
561.54	176.00
561.76	180.00
561.98	181.00
562.20	179.00
562.42	179.00
562.64	176.00
562.86	180.00
563.08	178.00
563.30	180.00
563.52	179.00
563.74	176.00
563.96	179.00
564.18	179.00
564.40	178.00
564.62	177.00
564.84	181.00
565.06	180.00
565.28	175.00
565.49	178.00
565.71	176.00
565.93	182.00
566.15	179.00
566.37	176.00
566.59	180.00
566.81	179.00
567.03	174.00
567.25	175.00
567.47	181.00
567.69	177.00
567.91	179.00
568.13	179.00
568.35	178.00
568.57	184.00
568.79	175.00
569.00	175.00
569.22	174.00
569.44	177.00
569.66	180.00
569.88	185.00
570.10	180.00
570.32	182.00
570.54	177.00
570.76	177.00
570.98	178.00
571.20	176.00
571.42	179.00
571.63	181.00
571.85	177.00
572.07	174.00
572.29	174.00
572.51	177.00
572.73	177.00
572.95	177.00
573.17	178.00
573.39	178.00
573.61	181.00
573.82	176.00
574.04	188.00
574.26	182.00
574.48	178.00
574.70	177.00
574.92	179.00
575.14	177.00
575.36	182.00
575.58	179.00
575.80	185.00
576.01	184.00
576.23	183.00
576.45	182.00
576.67	182.00
576.89	190.00
577.11	206.00
577.33	281.00
577.55	1054.00
577.76	2452.00
577.98	2106.00
578.20	834.00
578.42	268.00
578.64	205.00
578.86	202.00
579.08	201.00
579.29	223.00
579.51	501.00
579.73	1784.00
579.95	2771.00
580.17	1658.00
580.39	574.00
580.61	226.00
580.82	194.00
581.04	193.00
581.26	184.00
581.48	184.00
581.70	184.00
581.92	181.00
582.14	183.00
582.35	182.00
582.57	184.00
582.79	185.00
583.01	174.00
583.23	181.00
583.45	182.00
583.66	180.00
583.88	176.00
584.10	175.00
584.32	181.00
584.54	178.00
584.76	180.00
584.97	178.00
585.19	177.00
585.41	180.00
585.63	178.00
585.85	176.00
586.06	180.00
586.28	180.00
586.50	177.00
586.72	182.00
586.94	181.00
587.16	179.00
587.37	177.00
587.59	179.00
587.81	177.00
588.03	177.00
588.25	178.00
588.46	175.00
588.68	176.00
588.90	179.00
589.12	178.00
589.34	174.00
589.55	176.00
589.77	178.00
589.99	175.00
590.21	173.00
590.43	177.00
590.64	172.00
590.86	180.00
591.08	176.00
591.30	180.00
591.52	181.00
591.73	179.00
591.95	178.00
592.17	174.00
592.39	179.00
592.60	177.00
592.82	181.00
593.04	178.00
593.26	177.00
593.47	184.00
593.69	184.00
593.91	213.00
594.13	312.00
594.35	351.00
594.56	271.00
594.78	210.00
595.00	186.00
595.22	181.00
595.43	179.00
595.65	182.00
595.87	177.00
596.09	178.00
596.30	179.00
596.52	176.00
596.74	175.00
596.96	173.00
597.17	176.00
597.39	178.00
597.61	182.00
597.83	173.00
598.04	178.00
598.26	181.00
598.48	173.00
598.70	177.00
598.91	175.00
599.13	175.00
599.35	179.00
599.56	178.00
599.78	172.00
600.00	179.00
600.22	178.00
600.43	174.00
600.65	178.00
600.87	177.00
601.09	184.00
601.30	179.00
601.52	179.00
601.74	177.00
601.95	180.00
602.17	174.00
602.39	177.00
602.61	179.00
602.82	178.00
603.04	184.00
603.26	176.00
603.47	178.00
603.69	176.00
603.91	175.00
604.13	177.00
604.34	181.00
604.56	179.00
604.78	185.00
604.99	203.00
605.21	203.00
605.43	196.00
605.64	185.00
605.86	179.00
606.08	178.00
606.29	182.00
606.51	181.00
606.73	175.00
606.94	178.00
607.16	180.00
607.38	174.00
607.60	178.00
607.81	172.00
608.03	179.00
608.25	178.00
608.46	180.00
608.68	179.00
608.90	180.00
609.11	176.00
609.33	177.00
609.55	176.00
609.76	179.00
609.98	178.00
610.20	183.00
610.41	177.00
610.63	173.00
610.85	179.00
611.06	181.00
611.28	177.00
611.49	178.00
611.71	179.00
611.93	176.00
612.14	173.00
612.36	181.00
612.58	180.00
612.79	181.00
613.01	179.00
613.23	180.00
613.44	174.00
613.66	172.00
613.88	172.00
614.09	174.00
614.31	178.00
614.52	176.00
614.74	175.00
614.96	172.00
615.17	177.00
615.39	174.00
615.61	180.00
615.82	176.00
616.04	178.00
616.25	176.00
616.47	171.00
616.69	173.00
616.90	175.00
617.12	178.00
617.34	176.00
617.55	174.00
617.77	179.00
617.98	179.00
618.20	179.00
618.42	181.00
618.63	180.00
618.85	178.00
619.06	178.00
619.28	177.00
619.50	175.00
619.71	173.00
619.93	178.00
620.14	180.00
620.36	177.00
620.58	175.00
620.79	172.00
621.01	246.00
621.22	181.00
621.44	179.00
621.65	176.00
621.87	178.00
622.09	176.00
622.30	177.00
622.52	176.00
622.73	180.00
622.95	176.00
623.16	177.00
623.38	177.00
623.60	179.00
623.81	174.00
624.03	176.00
624.24	180.00
624.46	180.00
624.67	177.00
624.89	183.00
625.11	179.00
625.32	188.00
625.54	253.00
625.75	393.00
625.97	393.00
626.18	294.00
626.40	233.00
626.61	235.00
626.83	406.00
627.05	578.00
627.26	455.00
627.48	311.00
627.69	230.00
627.91	186.00
628.12	186.00
628.34	184.00
628.55	181.00
628.77	180.00
628.98	177.00
629.20	181.00
629.41	181.00
629.63	175.00
629.84	180.00
630.06	179.00
630.28	177.00
630.49	178.00
630.71	176.00
630.92	179.00
631.14	176.00
631.35	178.00
631.57	171.00
631.78	170.00
632.00	181.00
632.21	175.00
632.43	180.00
632.64	181.00
632.86	178.00
633.07	173.00
633.29	177.00
633.50	174.00
633.72	176.00
633.93	176.00
634.15	173.00
634.36	175.00
634.58	173.00
634.79	179.00
635.01	178.00
635.22	175.00
635.44	176.00
635.65	176.00
635.87	176.00
636.08	179.00
636.30	177.00
636.51	180.00
636.73	177.00
636.94	173.00
637.16	178.00
637.37	175.00
637.58	176.00
637.80	175.00
638.01	173.00
638.23	178.00
638.44	176.00
638.66	177.00
638.87	178.00
639.09	175.00
639.30	177.00
639.52	174.00
639.73	178.00
639.95	175.00
640.16	175.00
640.37	174.00
640.59	176.00
640.80	177.00
641.02	182.00
641.23	177.00
641.45	177.00
641.66	177.00
641.88	177.00
642.09	177.00
642.30	176.00
642.52	178.00
642.73	174.00
642.95	175.00
643.16	175.00
643.38	178.00
643.59	178.00
643.80	176.00
644.02	174.00
644.23	183.00
644.45	176.00
644.66	175.00
644.88	176.00
645.09	177.00
645.30	180.00
645.52	181.00
645.73	172.00
645.95	177.00
646.16	177.00
646.38	179.00
646.59	177.00
646.80	182.00
647.02	177.00
647.23	176.00
647.45	175.00
647.66	178.00
647.87	172.00
648.09	175.00
648.30	176.00
648.52	173.00
648.73	177.00
648.94	175.00
649.16	180.00
649.37	178.00
649.58	175.00
649.80	175.00
650.01	175.00
650.23	181.00
650.44	174.00
650.65	172.00
650.87	176.00
651.08	178.00
651.30	178.00
651.51	177.00
651.72	178.00
651.94	178.00
652.15	174.00
652.36	179.00
652.58	177.00
652.79	174.00
653.00	176.00
653.22	177.00
653.43	175.00
653.65	178.00
653.86	178.00
654.07	176.00
654.29	170.00
654.50	174.00
654.71	176.00
654.93	177.00
655.14	180.00
655.35	179.00
655.57	176.00
655.78	177.00
655.99	175.00
656.21	177.00
656.42	175.00
656.63	179.00
656.85	178.00
657.06	177.00
657.27	175.00
657.49	177.00
657.70	175.00
657.91	176.00
658.13	176.00
658.34	175.00
658.55	176.00
658.77	176.00
658.98	172.00
659.19	178.00
659.41	171.00
659.62	175.00
659.83	176.00
660.05	180.00
660.26	176.00
660.47	175.00
660.69	178.00
660.90	183.00
661.11	175.00
661.32	176.00
661.54	177.00
661.75	178.00
661.96	179.00
662.18	176.00
662.39	178.00
662.60	178.00
662.82	173.00
663.03	178.00
663.24	176.00
663.45	178.00
663.67	174.00
663.88	175.00
664.09	175.00
664.30	175.00
664.52	174.00
664.73	175.00
664.94	179.00
665.16	175.00
665.37	177.00
665.58	178.00
665.79	178.00
666.01	175.00
666.22	175.00
666.43	179.00
666.64	180.00
666.86	182.00
667.07	176.00
667.28	173.00
667.50	176.00
667.71	175.00
667.92	179.00
668.13	175.00
668.35	177.00
668.56	186.00
668.77	195.00
668.98	193.00
669.20	183.00
669.41	179.00
669.62	176.00
669.83	173.00
670.04	172.00
670.26	173.00
670.47	173.00
670.68	174.00
670.89	173.00
671.11	172.00
671.32	176.00
671.53	173.00
671.74	176.00
671.96	175.00
672.17	174.00
672.38	178.00
672.59	176.00
672.80	177.00
673.02	177.00
673.23	176.00
673.44	175.00
673.65	175.00
673.87	173.00
674.08	174.00
674.29	176.00
674.50	178.00
674.71	179.00
674.93	180.00
675.14	178.00
675.35	177.00
675.56	175.00
675.77	177.00
675.99	177.00
676.20	181.00
676.41	170.00
676.62	177.00
676.83	177.00
677.04	175.00
677.26	174.00
677.47	179.00
677.68	173.00
677.89	172.00
678.10	176.00
678.32	177.00
678.53	177.00
678.74	172.00
678.95	177.00
679.16	176.00
679.37	179.00
679.59	178.00
679.80	179.00
680.01	173.00
680.22	178.00
680.43	174.00
680.64	174.00
680.86	177.00
681.07	172.00
681.28	177.00
681.49	173.00
681.70	182.00
681.91	171.00
682.12	182.00
682.34	180.00
682.55	177.00
682.76	177.00
682.97	181.00
683.18	174.00
683.39	174.00
683.60	174.00
683.82	172.00
684.03	178.00
684.24	179.00
684.45	179.00
684.66	177.00
684.87	172.00
685.08	174.00
685.30	174.00
685.51	174.00
685.72	175.00
685.93	182.00
686.14	174.00
686.35	176.00
686.56	179.00
686.77	174.00
686.98	175.00
687.20	172.00
687.41	181.00
687.62	178.00
687.83	175.00
688.04	179.00
688.25	175.00
688.46	176.00
688.67	173.00
688.88	178.00
689.09	173.00
689.31	174.00
689.52	181.00
689.73	179.00
689.94	179.00
690.15	175.00
690.36	175.00
690.57	175.00
690.78	180.00
690.99	190.00
691.20	198.00
691.41	189.00
691.62	182.00
691.84	176.00
692.05	177.00
692.26	175.00
692.47	175.00
692.68	176.00
692.89	174.00
693.10	170.00
693.31	178.00
693.52	174.00
693.73	174.00
693.94	178.00
694.15	179.00
694.36	175.00
694.57	175.00
694.78	173.00
694.99	178.00
695.21	178.00
695.42	177.00
695.63	179.00
695.84	180.00
696.05	180.00
696.26	175.00
696.47	191.00
696.68	335.00
696.89	503.00
697.10	438.00
697.31	382.00
697.52	366.00
697.73	329.00
697.94	236.00
698.15	193.00
698.36	185.00
698.57	179.00
698.78	176.00
698.99	179.00
699.20	179.00
699.41	173.00
699.62	174.00
699.83	178.00
700.04	178.00
700.25	177.00
700.46	175.00
700.67	175.00
700.88	174.00
701.09	178.00
701.30	175.00
701.51	175.00
701.72	174.00
701.93	175.00
702.14	175.00
702.35	179.00
702.56	179.00
702.77	177.00
702.98	176.00
703.19	176.00
703.40	176.00
703.61	176.00
703.82	175.00
704.03	180.00
704.24	177.00
704.45	179.00
704.66	176.00
704.87	181.00
705.08	179.00
705.29	178.00
705.50	174.00
705.71	176.00
705.92	175.00
706.13	179.00
706.34	174.00
706.55	177.00
706.76	205.00
706.97	253.00
707.18	249.00
707.39	226.00
707.60	223.00
707.80	224.00
708.01	203.00
708.22	179.00
708.43	178.00
708.64	180.00
708.85	176.00
709.06	176.00
709.27	174.00
709.48	175.00
709.69	177.00
709.90	173.00
710.11	180.00
710.32	175.00
710.53	179.00
710.74	178.00
710.95	176.00
711.15	176.00
711.36	177.00
711.57	178.00
711.78	180.00
711.99	176.00
712.20	181.00
712.41	176.00
712.62	177.00
712.83	182.00
713.04	180.00
713.25	178.00
713.46	177.00
713.66	172.00
713.87	174.00
714.08	176.00
714.29	177.00
714.50	177.00
714.71	175.00
714.92	186.00
715.13	188.00
715.34	184.00
715.54	186.00
715.75	178.00
715.96	180.00
716.17	172.00
716.38	175.00
716.59	177.00
716.80	182.00
717.01	181.00
717.22	174.00
717.42	172.00
717.63	172.00
717.84	178.00
718.05	174.00
718.26	173.00
718.47	175.00
718.68	177.00
718.88	175.00
719.09	173.00
719.30	176.00
719.51	175.00
719.72	178.00
719.93	176.00
720.14	177.00
720.34	173.00
720.55	174.00
720.76	172.00
720.97	172.00
721.18	181.00
721.39	172.00
721.60	174.00
721.80	178.00
722.01	177.00
722.22	176.00
722.43	174.00
722.64	176.00
722.85	178.00
723.05	176.00
723.26	174.00
723.47	175.00
723.68	176.00
723.89	174.00
724.10	177.00
724.30	176.00
724.51	176.00
724.72	173.00
724.93	175.00
725.14	175.00
725.34	177.00
725.55	178.00
725.76	176.00
725.97	179.00
726.18	182.00
726.38	179.00
726.59	177.00
726.80	173.00
727.01	175.00
727.22	211.00
727.42	254.00
727.63	243.00
727.84	221.00
728.05	209.00
728.26	199.00
728.46	185.00
728.67	181.00
728.88	178.00
729.09	178.00
729.29	181.00
729.50	184.00
729.71	204.00
729.92	393.00
730.13	745.00
730.33	641.00
730.54	409.00
730.75	337.00
730.96	337.00
731.16	319.00
731.37	245.00
731.58	215.00
731.79	203.00
731.99	192.00
732.20	185.00
732.41	189.00
732.62	227.00
732.82	256.00
733.03	217.00
733.24	201.00
733.45	192.00
733.65	182.00
733.86	176.00
734.07	184.00
734.28	184.00
734.48	182.00
734.69	177.00
734.90	179.00
735.11	174.00
735.31	177.00
735.52	175.00
735.73	181.00
735.94	180.00
736.14	179.00
736.35	174.00
736.56	180.00
736.76	171.00
736.97	167.00
737.18	176.00
737.39	182.00
737.59	176.00
737.80	178.00
738.01	180.00
738.21	231.00
738.42	303.00
738.63	296.00
738.83	250.00
739.04	235.00
739.25	215.00
739.46	190.00
739.66	182.00
739.87	181.00
740.08	176.00
740.28	174.00
740.49	176.00
740.70	176.00
740.90	173.00
741.11	180.00
741.32	178.00
741.52	178.00
741.73	176.00
741.94	175.00
742.14	175.00
742.35	177.00
742.56	178.00
742.76	174.00
742.97	179.00
743.18	182.00
743.38	175.00
743.59	179.00
743.80	183.00
744.00	176.00
744.21	176.00
744.42	180.00
744.62	180.00
744.83	177.00
745.04	178.00
745.24	180.00
745.45	176.00
745.66	174.00
745.86	181.00
746.07	175.00
746.28	178.00
746.48	177.00
746.69	181.00
746.89	178.00
747.10	179.00
747.31	176.00
747.51	180.00
747.72	176.00
747.93	177.00
748.13	180.00
748.34	177.00
748.54	178.00
748.75	176.00
748.96	184.00
749.16	179.00
749.37	181.00
749.58	183.00
749.78	182.00
749.99	219.00
750.19	403.00
750.40	500.00
750.61	405.00
750.81	334.00
751.02	288.00
751.22	289.00
751.43	316.00
751.64	285.00
751.84	241.00
752.05	221.00
752.25	195.00
752.46	182.00
752.66	178.00
752.87	181.00
753.08	175.00
753.28	179.00
753.49	177.00
753.69	180.00
753.90	175.00
754.11	175.00
754.31	173.00
754.52	177.00
754.72	176.00
754.93	176.00
755.13	179.00
755.34	180.00
755.54	180.00
755.75	175.00
755.96	180.00
756.16	177.00
756.37	176.00
756.57	175.00
756.78	181.00
756.98	179.00
757.19	174.00
757.39	176.00
757.60	180.00
757.81	180.00
758.01	179.00
758.22	180.00
758.42	181.00
758.63	178.00
758.83	178.00
759.04	180.00
759.24	182.00
759.45	179.00
759.65	176.00
759.86	176.00
760.06	176.00
760.27	179.00
760.47	177.00
760.68	180.00
760.88	181.00
761.09	182.00
761.29	179.00
761.50	182.00
761.70	176.00
761.91	177.00
762.11	180.00
762.32	181.00
762.52	190.00
762.73	183.00
762.93	220.00
763.14	510.00
763.34	904.00
763.55	732.00
763.75	498.00
763.96	362.00
764.16	246.00
764.37	204.00
764.57	188.00
764.78	184.00
764.98	179.00
765.19	181.00
765.39	176.00
765.60	173.00
765.80	178.00
766.01	174.00
766.21	178.00
766.42	173.00
766.62	182.00
766.83	182.00
767.03	180.00
767.24	176.00
767.44	180.00
767.64	176.00
767.85	181.00
768.05	180.00
768.26	178.00
768.46	175.00
768.67	180.00
768.87	180.00
769.08	179.00
769.28	176.00
769.48	183.00
769.69	179.00
769.89	178.00
770.10	180.00
770.30	175.00
770.51	178.00
770.71	179.00
770.91	177.00
771.12	179.00
771.32	184.00
771.53	180.00
771.73	192.00
771.94	319.00
772.14	503.00
772.34	456.00
772.55	316.00
772.75	228.00
772.96	188.00
773.16	188.00
773.36	183.00
773.57	188.00
773.77	178.00
773.98	177.00
774.18	178.00
774.38	176.00
774.59	176.00
774.79	177.00
775.00	176.00
775.20	176.00
775.40	178.00
775.61	176.00
775.81	177.00
776.02	173.00
776.22	178.00
776.42	176.00
776.63	176.00
776.83	177.00
777.04	176.00
777.24	175.00
777.44	177.00
777.65	174.00
777.85	181.00
778.05	172.00
778.26	178.00
778.46	172.00
778.66	175.00
778.87	177.00
779.07	177.00
779.28	176.00
779.48	177.00
779.68	176.00
779.89	176.00
780.09	174.00
780.29	177.00
780.50	179.00
780.70	175.00
780.90	175.00
781.11	174.00
781.31	180.00
781.51	175.00
781.72	177.00
781.92	178.00
782.12	175.00
782.33	176.00
782.53	177.00
782.73	178.00
782.94	177.00
783.14	174.00
783.34	179.00
783.55	173.00
783.75	186.00
783.95	175.00
784.15	178.00
784.36	180.00
784.56	179.00
784.76	178.00
784.97	179.00
785.17	183.00
785.37	181.00
785.58	178.00
785.78	181.00
785.98	178.00
786.19	178.00
786.39	174.00
786.59	177.00
786.79	176.00
787.00	179.00
