339.90	0.00
340.13	164.00
340.37	166.00
340.60	169.00
340.83	166.00
341.06	166.00
341.29	171.00
341.52	173.00
341.75	175.00
341.98	171.00
342.21	174.00
342.44	174.00
342.67	177.00
342.91	172.00
343.14	173.00
343.37	172.00
343.60	177.00
343.83	172.00
344.06	176.00
344.29	173.00
344.52	175.00
344.75	174.00
344.98	175.00
345.21	175.00
345.44	171.00
345.68	177.00
345.91	172.00
346.14	171.00
346.37	174.00
346.60	171.00
346.83	174.00
347.06	178.00
347.29	177.00
347.52	174.00
347.75	172.00
347.98	175.00
348.21	173.00
348.44	176.00
348.67	178.00
348.90	173.00
349.14	176.00
349.37	177.00
349.60	178.00
349.83	175.00
350.06	175.00
350.29	177.00
350.52	174.00
350.75	176.00
350.98	173.00
351.21	172.00
351.44	175.00
351.67	176.00
351.90	175.00
352.13	175.00
352.36	175.00
352.59	174.00
352.82	175.00
353.05	175.00
353.29	176.00
353.52	177.00
353.75	180.00
353.98	177.00
354.21	176.00
354.44	174.00
354.67	180.00
354.90	179.00
355.13	175.00
355.36	174.00
355.59	174.00
355.82	193.00
356.05	174.00
356.28	177.00
356.51	173.00
356.74	177.00
356.97	173.00
357.20	178.00
357.43	176.00
357.66	175.00
357.89	177.00
358.12	173.00
358.35	176.00
358.58	174.00
358.81	173.00
359.04	177.00
359.27	176.00
359.50	173.00
359.73	175.00
359.96	185.00
360.19	177.00
360.42	170.00
360.65	182.00
360.88	176.00
361.11	177.00
361.34	176.00
361.57	176.00
361.80	175.00
362.03	177.00
362.26	172.00
362.49	176.00
362.72	172.00
362.95	175.00
363.18	179.00
363.41	179.00
363.64	176.00
363.87	178.00
364.10	180.00
364.33	176.00
364.56	177.00
364.79	180.00
365.02	183.00
365.25	195.00
365.48	248.00
365.71	337.00
365.94	367.00
366.17	365.00
366.40	314.00
366.63	250.00
366.86	217.00
367.09	217.00
367.32	206.00
367.55	199.00
367.78	188.00
368.01	180.00
368.24	174.00
368.47	176.00
368.70	177.00
368.93	175.00
369.16	178.00
369.39	174.00
369.62	176.00
369.85	181.00
370.08	184.00
370.31	176.00
370.54	177.00
370.77	179.00
371.00	178.00
371.23	175.00
371.46	177.00
371.69	179.00
371.92	181.00
372.15	175.00
372.38	174.00
372.61	176.00
372.84	178.00
373.07	178.00
373.30	180.00
373.53	176.00
373.76	174.00
373.98	180.00
374.21	175.00
374.44	185.00
374.67	182.00
374.90	174.00
375.13	176.00
375.36	182.00
375.59	177.00
375.82	177.00
376.05	178.00
376.28	180.00
376.51	176.00
376.74	175.00
376.97	180.00
377.20	178.00
377.43	174.00
377.66	174.00
377.89	177.00
378.12	176.00
378.34	183.00
378.57	177.00
378.80	174.00
379.03	176.00
379.26	177.00
379.49	180.00
379.72	178.00
379.95	181.00
380.18	180.00
380.41	179.00
380.64	176.00
380.87	180.00
381.10	177.00
381.33	178.00
381.55	178.00
381.78	178.00
382.01	176.00
382.24	176.00
382.47	179.00
382.70	176.00
382.93	176.00
383.16	176.00
383.39	176.00
383.62	173.00
383.85	176.00
384.08	178.00
384.30	176.00
384.53	178.00
384.76	179.00
384.99	177.00
385.22	180.00
385.45	175.00
385.68	181.00
385.91	181.00
386.14	180.00
386.37	180.00
386.60	180.00
386.82	175.00
387.05	182.00
387.28	179.00
387.51	183.00
387.74	179.00
387.97	176.00
388.20	177.00
388.43	178.00
388.66	184.00
388.88	176.00
389.11	180.00
389.34	180.00
389.57	178.00
389.80	183.00
390.03	179.00
390.26	175.00
390.49	179.00
390.72	183.00
390.94	175.00
391.17	178.00
391.40	183.00
391.63	176.00
391.86	183.00
392.09	177.00
392.32	176.00
392.55	179.00
392.77	176.00
393.00	177.00
393.23	178.00
393.46	182.00
393.69	178.00
393.92	181.00
394.15	181.00
394.38	180.00
394.60	176.00
394.83	184.00
395.06	178.00
395.29	180.00
395.52	180.00
395.75	180.00
395.98	180.00
396.20	178.00
396.43	183.00
396.66	181.00
396.89	182.00
397.12	178.00
397.35	178.00
397.58	182.00
397.80	180.00
398.03	182.00
398.26	181.00
398.49	180.00
398.72	181.00
398.95	180.00
399.17	181.00
399.40	177.00
399.63	177.00
399.86	178.00
400.09	184.00
400.32	179.00
400.54	178.00
400.77	182.00
401.00	178.00
401.23	180.00
401.46	182.00
401.69	177.00
401.91	184.00
402.14	178.00
402.37	184.00
402.60	181.00
402.83	179.00
403.06	182.00
403.28	178.00
403.51	184.00
403.74	182.00
403.97	185.00
404.20	188.00
404.43	188.00
404.65	194.00
404.88	214.00
405.11	316.00
405.34	614.00
405.57	733.00
405.79	795.00
406.02	682.00
406.25	379.00
406.48	209.00
406.71	190.00
406.93	184.00
407.16	180.00
407.39	183.00
407.62	183.00
407.85	182.00
408.08	184.00
408.30	198.00
408.53	210.00
408.76	215.00
408.99	220.00
409.22	209.00
409.44	186.00
409.67	178.00
409.90	181.00
410.13	178.00
410.35	178.00
410.58	179.00
410.81	184.00
411.04	184.00
411.27	181.00
411.49	182.00
411.72	183.00
411.95	183.00
412.18	182.00
412.41	182.00
412.63	179.00
412.86	179.00
413.09	182.00
413.32	178.00
413.54	179.00
413.77	180.00
414.00	182.00
414.23	186.00
414.46	184.00
414.68	182.00
414.91	181.00
415.14	180.00
415.37	179.00
415.59	180.00
415.82	180.00
416.05	180.00
416.28	182.00
416.50	180.00
416.73	179.00
416.96	178.00
417.19	180.00
417.41	180.00
417.64	178.00
417.87	183.00
418.10	178.00
418.33	181.00
418.55	181.00
418.78	186.00
419.01	179.00
419.24	181.00
419.46	181.00
419.69	184.00
419.92	184.00
420.14	183.00
420.37	178.00
420.60	185.00
420.83	174.00
421.05	180.00
421.28	182.00
421.51	182.00
421.74	180.00
421.96	184.00
422.19	181.00
422.42	181.00
422.65	179.00
422.87	179.00
423.10	180.00
423.33	202.00
423.56	179.00
423.78	186.00
424.01	176.00
424.24	182.00
424.46	184.00
424.69	180.00
424.92	180.00
425.15	181.00
425.37	185.00
425.60	179.00
425.83	181.00
426.05	185.00
426.28	179.00
426.51	174.00
426.74	184.00
426.96	183.00
427.19	180.00
427.42	183.00
427.64	181.00
427.87	183.00
428.10	180.00
428.33	181.00
428.55	173.00
428.78	183.00
429.01	176.00
429.23	178.00
429.46	183.00
429.69	177.00
429.92	184.00
430.14	180.00
430.37	179.00
430.60	182.00
430.82	178.00
431.05	179.00
431.28	178.00
431.50	181.00
431.73	181.00
431.96	180.00
432.18	184.00
432.41	183.00
432.64	178.00
432.86	204.00
433.09	182.00
433.32	186.00
433.55	177.00
433.77	186.00
434.00	183.00
434.23	183.00
434.45	189.00
434.68	197.00
434.91	197.00
435.13	204.00
435.36	209.00
435.59	227.00
435.81	237.00
436.04	296.00
436.27	563.00
436.49	1794.00
436.72	3288.00
436.95	3714.00
437.17	3017.00
437.40	1171.00
437.63	290.00
437.85	213.00
438.08	192.00
438.31	194.00
438.53	190.00
438.76	182.00
438.99	182.00
439.21	184.00
439.44	183.00
439.66	183.00
439.89	180.00
440.12	179.00
440.34	182.00
440.57	187.00
440.80	183.00
441.02	186.00
441.25	180.00
441.48	180.00
441.70	181.00
441.93	181.00
442.16	180.00
442.38	181.00
442.61	182.00
442.83	181.00
443.06	181.00
443.29	177.00
443.51	182.00
443.74	179.00
443.97	184.00
444.19	179.00
444.42	184.00
444.64	180.00
444.87	179.00
445.10	178.00
445.32	176.00
445.55	181.00
445.78	180.00
446.00	182.00
446.23	181.00
446.45	183.00
446.68	183.00
446.91	178.00
447.13	186.00
447.36	177.00
447.59	175.00
447.81	179.00
448.04	174.00
448.26	179.00
448.49	184.00
448.72	180.00
448.94	179.00
449.17	172.00
449.39	178.00
449.62	180.00
449.85	176.00
450.07	179.00
450.30	176.00
450.52	179.00
450.75	181.00
450.98	178.00
451.20	183.00
451.43	180.00
451.65	180.00
451.88	178.00
452.10	180.00
452.33	177.00
452.56	179.00
452.78	186.00
453.01	181.00
453.23	179.00
453.46	181.00
453.69	177.00
453.91	176.00
454.14	176.00
454.36	176.00
454.59	179.00
454.81	176.00
455.04	176.00
455.27	181.00
455.49	178.00
455.72	177.00
455.94	176.00
456.17	181.00
456.39	179.00
456.62	184.00
456.85	177.00
457.07	174.00
457.30	180.00
457.52	177.00
457.75	176.00
457.97	177.00
458.20	178.00
458.42	179.00
458.65	180.00
458.88	176.00
459.10	176.00
459.33	176.00
459.55	180.00
459.78	183.00
460.00	181.00
460.23	180.00
460.45	180.00
460.68	179.00
460.91	177.00
461.13	181.00
461.36	176.00
461.58	176.00
461.81	181.00
462.03	177.00
462.26	179.00
462.48	181.00
462.71	176.00
462.93	177.00
463.16	180.00
463.38	178.00
463.61	178.00
463.83	178.00
464.06	178.00
464.29	181.00
464.51	182.00
464.74	178.00
464.96	177.00
465.19	177.00
465.41	185.00
465.64	176.00
465.86	176.00
466.09	176.00
466.31	176.00
466.54	182.00
466.76	180.00
466.99	178.00
467.21	172.00
467.44	180.00
467.66	180.00
467.89	179.00
468.11	181.00
468.34	173.00
468.56	182.00
468.79	179.00
469.01	179.00
469.24	175.00
469.46	182.00
469.69	176.00
469.91	174.00
470.14	178.00
470.36	182.00
470.59	177.00
470.81	177.00
471.04	178.00
471.26	181.00
471.49	180.00
471.71	176.00
471.94	176.00
472.16	180.00
472.39	182.00
472.61	179.00
472.84	182.00
473.06	177.00
473.29	177.00
473.51	174.00
473.74	180.00
473.96	173.00
474.18	178.00
474.41	182.00
474.63	176.00
474.86	180.00
475.08	179.00
475.31	178.00
475.53	176.00
475.76	177.00
475.98	179.00
476.21	177.00
476.43	177.00
476.66	179.00
476.88	179.00
477.11	178.00
477.33	178.00
477.55	180.00
477.78	177.00
478.00	177.00
478.23	178.00
478.45	177.00
478.68	179.00
478.90	178.00
479.13	177.00
479.35	181.00
479.57	181.00
479.80	180.00
480.02	177.00
480.25	178.00
480.47	180.00
480.70	173.00
480.92	183.00
481.15	177.00
481.37	180.00
481.59	179.00
481.82	179.00
482.04	178.00
482.27	180.00
482.49	182.00
482.72	178.00
482.94	177.00
483.16	182.00
483.39	175.00
483.61	179.00
483.84	181.00
484.06	179.00
484.29	181.00
484.51	183.00
484.73	180.00
484.96	179.00
485.18	175.00
485.41	177.00
485.63	175.00
485.85	176.00
486.08	182.00
486.30	179.00
486.53	175.00
486.75	178.00
486.97	177.00
487.20	172.00
487.42	176.00
487.65	178.00
487.87	177.00
488.09	178.00
488.32	175.00
488.54	182.00
488.77	182.00
488.99	179.00
489.21	183.00
489.44	180.00
489.66	178.00
489.89	177.00
490.11	180.00
490.33	177.00
490.56	176.00
490.78	179.00
491.01	179.00
491.23	179.00
491.45	180.00
491.68	175.00
491.90	180.00
492.12	176.00
492.35	186.00
492.57	197.00
492.80	192.00
493.02	182.00
493.24	178.00
493.47	179.00
493.69	180.00
493.91	181.00
494.14	178.00
494.36	182.00
494.59	176.00
494.81	176.00
495.03	178.00
495.26	179.00
495.48	175.00
495.70	176.00
495.93	179.00
496.15	179.00
496.37	177.00
496.60	177.00
496.82	174.00
497.04	176.00
497.27	176.00
497.49	182.00
497.71	179.00
497.94	179.00
498.16	174.00
498.39	178.00
498.61	179.00
498.83	171.00
499.06	178.00
499.28	184.00
499.50	175.00
499.73	183.00
499.95	182.00
500.17	186.00
500.40	178.00
500.62	175.00
500.84	176.00
501.07	179.00
501.29	178.00
501.51	178.00
501.74	175.00
501.96	180.00
502.18	179.00
502.40	177.00
502.63	184.00
502.85	180.00
503.07	178.00
503.30	174.00
503.52	192.00
503.74	178.00
503.97	175.00
504.19	179.00
504.41	178.00
504.64	176.00
504.86	176.00
505.08	181.00
505.31	183.00
505.53	180.00
505.75	180.00
505.97	176.00
506.20	175.00
506.42	176.00
506.64	176.00
506.87	183.00
507.09	179.00
507.31	178.00
507.53	179.00
507.76	179.00
507.98	177.00
508.20	181.00
508.43	178.00
508.65	177.00
508.87	179.00
509.09	176.00
509.32	181.00
509.54	177.00
509.76	179.00
509.99	175.00
510.21	180.00
510.43	183.00
510.65	182.00
510.88	175.00
511.10	176.00
511.32	177.00
511.55	173.00
511.77	174.00
511.99	177.00
512.21	176.00
512.44	174.00
512.66	178.00
512.88	175.00
513.10	179.00
513.33	180.00
513.55	179.00
513.77	180.00
513.99	176.00
514.22	176.00
514.44	178.00
514.66	169.00
514.88	177.00
515.11	180.00
515.33	180.00
515.55	182.00
515.77	178.00
516.00	174.00
516.22	179.00
516.44	177.00
516.66	178.00
516.89	177.00
517.11	176.00
517.33	175.00
517.55	178.00
517.78	182.00
518.00	175.00
518.22	174.00
518.44	176.00
518.66	175.00
518.89	178.00
519.11	177.00
519.33	174.00
519.55	178.00
519.78	179.00
520.00	183.00
520.22	180.00
520.44	178.00
520.66	178.00
520.89	183.00
521.11	192.00
521.33	175.00
521.55	179.00
521.78	176.00
522.00	175.00
522.22	184.00
522.44	179.00
522.66	176.00
522.89	177.00
523.11	180.00
523.33	178.00
523.55	174.00
523.77	173.00
524.00	180.00
524.22	174.00
524.44	175.00
524.66	178.00
524.88	176.00
525.11	178.00
525.33	177.00
525.55	180.00
525.77	176.00
525.99	173.00
526.21	177.00
526.44	178.00
526.66	180.00
526.88	179.00
527.10	177.00
527.32	178.00
527.55	175.00
527.77	186.00
527.99	182.00
528.21	173.00
528.43	176.00
528.65	178.00
528.88	179.00
529.10	181.00
529.32	180.00
529.54	171.00
529.76	178.00
529.98	182.00
530.21	181.00
530.43	178.00
530.65	181.00
530.87	175.00
531.09	179.00
531.31	175.00
531.54	181.00
531.76	177.00
531.98	179.00
532.20	180.00
532.42	177.00
532.64	182.00
532.86	179.00
533.09	178.00
533.31	176.00
533.53	181.00
533.75	180.00
533.97	178.00
534.19	177.00
534.41	179.00
534.64	178.00
534.86	178.00
535.08	176.00
535.30	178.00
535.52	182.00
535.74	177.00
535.96	181.00
536.18	183.00
536.41	179.00
536.63	176.00
536.85	177.00
537.07	180.00
537.29	177.00
537.51	181.00
537.73	177.00
537.95	182.00
538.18	177.00
538.40	178.00
538.62	180.00
538.84	176.00
539.06	184.00
539.28	179.00
539.50	177.00
539.72	181.00
539.94	177.00
540.16	178.00
540.39	177.00
540.61	176.00
540.83	180.00
541.05	180.00
541.27	178.00
541.49	174.00
541.71	176.00
541.93	180.00
542.15	180.00
542.37	184.00
542.60	181.00
542.82	185.00
543.04	185.00
543.26	189.00
543.48	187.00
543.70	189.00
543.92	188.00
544.14	186.00
544.36	189.00
544.58	193.00
544.80	199.00
545.02	207.00
545.25	216.00
545.47	220.00
545.69	231.00
545.91	262.00
546.13	302.00
546.35	436.00
546.57	1619.00
546.79	4095.00
547.01	4095.00
547.23	4095.00
547.45	3138.00
547.67	436.00
547.89	267.00
548.11	229.00
548.33	215.00
548.55	201.00
548.77	203.00
549.00	192.00
549.22	191.00
549.44	188.00
549.66	182.00
549.88	187.00
550.10	180.00
550.32	178.00
550.54	185.00
550.76	189.00
550.98	182.00
551.20	188.00
551.42	186.00
551.64	182.00
551.86	179.00
552.08	189.00
552.30	185.00
552.52	179.00
552.74	181.00
552.96	182.00
553.18	177.00
553.40	177.00
553.62	177.00
553.84	178.00
554.06	177.00
554.28	182.00
554.50	180.00
554.72	181.00
554.94	180.00
555.16	177.00
555.38	178.00
555.60	180.00
555.82	180.00
556.04	180.00
556.26	179.00
556.48	176.00
556.70	181.00
556.92	179.00
557.14	178.00
557.36	176.00
557.58	180.00
557.80	179.00
558.02	174.00
558.24	180.00
558.46	175.00
558.68	182.00
558.90	178.00
559.12	180.00
559.34	175.00
559.56	179.00
559.78	179.00
560.00	181.00
560.22	175.00
560.44	178.00
560.66	178.00
560.88	176.00
561.10	178.00
561.32	179.00
561.54	182.00
561.76	179.00
561.98	176.00
562.20	178.00
562.42	173.00
562.64	179.00
562.86	177.00
563.08	173.00
563.30	177.00
563.52	180.00
563.74	179.00
563.96	177.00
564.18	177.00
564.40	177.00
564.62	182.00
564.84	178.00
565.06	175.00
565.28	181.00
565.49	184.00
565.71	181.00
565.93	178.00
566.15	178.00
566.37	178.00
566.59	179.00
566.81	178.00
567.03	179.00
567.25	174.00
567.47	174.00
567.69	176.00
567.91	176.00
568.13	179.00
568.35	177.00
568.57	176.00
568.79	178.00
569.00	179.00
569.22	178.00
569.44	178.00
569.66	174.00
569.88	177.00
570.10	177.00
570.32	176.00
570.54	178.00
570.76	178.00
570.98	180.00
571.20	178.00
571.42	177.00
571.63	180.00
571.85	176.00
572.07	181.00
572.29	181.00
572.51	176.00
572.73	181.00
572.95	182.00
573.17	177.00
573.39	179.00
573.61	176.00
573.82	174.00
574.04	191.00
574.26	181.00
574.48	182.00
574.70	180.00
574.92	178.00
575.14	176.00
575.36	176.00
575.58	182.00
575.80	185.00
576.01	181.00
576.23	183.00
576.45	184.00
576.67	187.00
576.89	190.00
577.11	201.00
577.33	273.00
577.55	997.00
577.76	2355.00
577.98	2081.00
578.20	901.00
578.42	271.00
578.64	207.00
578.86	198.00
579.08	201.00
579.29	223.00
579.51	481.00
579.73	1722.00
579.95	2667.00
580.17	1659.00
580.39	594.00
580.61	227.00
580.82	197.00
581.04	189.00
581.26	184.00
581.48	183.00
581.70	184.00
581.92	182.00
582.14	185.00
582.35	182.00
582.57	179.00
582.79	178.00
583.01	180.00
583.23	178.00
583.45	182.00
583.66	181.00
583.88	182.00
584.10	177.00
584.32	179.00
584.54	177.00
584.76	176.00
584.97	175.00
585.19	175.00
585.41	176.00
585.63	174.00
585.85	177.00
586.06	180.00
586.28	179.00
586.50	177.00
586.72	180.00
586.94	182.00
587.16	180.00
587.37	182.00
587.59	185.00
587.81	181.00
588.03	178.00
588.25	180.00
588.46	175.00
588.68	180.00
588.90	179.00
589.12	178.00
589.34	184.00
589.55	174.00
589.77	174.00
589.99	180.00
590.21	181.00
590.43	178.00
590.64	179.00
590.86	180.00
591.08	176.00
591.30	178.00
591.52	176.00
591.73	174.00
591.95	177.00
592.17	176.00
592.39	174.00
592.60	177.00
592.82	178.00
593.04	178.00
593.26	178.00
593.47	182.00
593.69	185.00
593.91	213.00
594.13	303.00
594.35	354.00
594.56	274.00
594.78	207.00
595.00	180.00
595.22	177.00
595.43	182.00
595.65	176.00
595.87	183.00
596.09	178.00
596.30	177.00
596.52	175.00
596.74	178.00
596.96	177.00
597.17	178.00
597.39	176.00
597.61	180.00
597.83	173.00
598.04	178.00
598.26	177.00
598.48	177.00
598.70	175.00
598.91	174.00
599.13	174.00
599.35	177.00
599.56	184.00
599.78	173.00
600.00	178.00
600.22	178.00
600.43	176.00
600.65	179.00
600.87	175.00
601.09	179.00
601.30	177.00
601.52	182.00
601.74	176.00
601.95	176.00
602.17	180.00
602.39	174.00
602.61	177.00
602.82	175.00
603.04	180.00
603.26	178.00
603.47	177.00
603.69	178.00
603.91	181.00
604.13	176.00
604.34	182.00
604.56	180.00
604.78	184.00
604.99	201.00
605.21	203.00
605.43	197.00
605.64	182.00
605.86	182.00
606.08	180.00
606.29	182.00
606.51	185.00
606.73	179.00
606.94	180.00
607.16	176.00
607.38	177.00
607.60	179.00
607.81	177.00
608.03	180.00
608.25	179.00
608.46	175.00
608.68	176.00
608.90	173.00
609.11	180.00
609.33	180.00
609.55	176.00
609.76	177.00
609.98	175.00
610.20	174.00
610.41	177.00
610.63	175.00
610.85	176.00
611.06	180.00
611.28	181.00
611.49	177.00
611.71	175.00
611.93	178.00
612.14	177.00
612.36	176.00
612.58	179.00
612.79	177.00
613.01	176.00
613.23	179.00
613.44	181.00
613.66	179.00
613.88	179.00
614.09	177.00
614.31	176.00
614.52	182.00
614.74	175.00
614.96	175.00
615.17	177.00
615.39	177.00
615.61	179.00
615.82	175.00
616.04	179.00
616.25	174.00
616.47	175.00
616.69	177.00
616.90	172.00
617.12	174.00
617.34	175.00
617.55	176.00
617.77	179.00
617.98	175.00
618.20	180.00
618.42	172.00
618.63	181.00
618.85	175.00
619.06	177.00
619.28	176.00
619.50	181.00
619.71	181.00
619.93	177.00
620.14	174.00
620.36	180.00
620.58	178.00
620.79	173.00
621.01	249.00
621.22	180.00
621.44	175.00
621.65	173.00
621.87	179.00
622.09	179.00
622.30	178.00
622.52	177.00
622.73	181.00
622.95	179.00
623.16	171.00
623.38	176.00
623.60	178.00
623.81	176.00
624.03	180.00
624.24	177.00
624.46	179.00
624.67	180.00
624.89	180.00
625.11	180.00
625.32	185.00
625.54	247.00
625.75	374.00
625.97	370.00
626.18	297.00
626.40	229.00
626.61	232.00
626.83	392.00
627.05	550.00
627.26	445.00
627.48	326.00
627.69	236.00
627.91	191.00
628.12	185.00
628.34	179.00
628.55	177.00
628.77	178.00
628.98	181.00
629.20	181.00
629.41	175.00
629.63	177.00
629.84	177.00
630.06	177.00
630.28	176.00
630.49	182.00
630.71	179.00
630.92	177.00
631.14	178.00
631.35	177.00
631.57	178.00
631.78	174.00
632.00	174.00
632.21	174.00
632.43	176.00
632.64	174.00
632.86	178.00
633.07	173.00
633.29	180.00
633.50	176.00
633.72	179.00
633.93	181.00
634.15	177.00
634.36	182.00
634.58	173.00
634.79	177.00
635.01	177.00
635.22	178.00
635.44	173.00
635.65	176.00
635.87	176.00
636.08	176.00
636.30	174.00
636.51	177.00
636.73	179.00
636.94	173.00
637.16	175.00
637.37	175.00
637.58	174.00
637.80	177.00
638.01	175.00
638.23	174.00
638.44	176.00
638.66	175.00
638.87	172.00
639.09	177.00
639.30	175.00
639.52	178.00
639.73	175.00
639.95	178.00
640.16	172.00
640.37	177.00
640.59	174.00
640.80	175.00
641.02	177.00
641.23	178.00
641.45	180.00
641.66	173.00
641.88	177.00
642.09	176.00
642.30	176.00
642.52	176.00
642.73	177.00
642.95	177.00
643.16	175.00
643.38	177.00
643.59	178.00
643.80	175.00
644.02	182.00
644.23	178.00
644.45	177.00
644.66	176.00
644.88	172.00
645.09	171.00
645.30	176.00
645.52	177.00
645.73	171.00
645.95	175.00
646.16	175.00
646.38	177.00
646.59	178.00
646.80	178.00
647.02	176.00
647.23	173.00
647.45	171.00
647.66	179.00
647.87	172.00
648.09	177.00
648.30	177.00
648.52	174.00
648.73	177.00
648.94	174.00
649.16	176.00
649.37	175.00
649.58	177.00
649.80	181.00
650.01	172.00
650.23	179.00
650.44	175.00
650.65	174.00
650.87	174.00
651.08	174.00
651.30	181.00
651.51	180.00
651.72	180.00
651.94	175.00
652.15	179.00
652.36	178.00
652.58	176.00
652.79	179.00
653.00	172.00
653.22	178.00
653.43	180.00
653.65	171.00
653.86	174.00
654.07	175.00
654.29	176.00
654.50	174.00
654.71	181.00
654.93	174.00
655.14	177.00
655.35	180.00
655.57	172.00
655.78	175.00
655.99	175.00
656.21	177.00
656.42	178.00
656.63	175.00
656.85	177.00
657.06	179.00
657.27	175.00
657.49	178.00
657.70	175.00
657.91	181.00
658.13	172.00
658.34	175.00
658.55	175.00
658.77	178.00
658.98	174.00
659.19	175.00
659.41	181.00
659.62	176.00
659.83	176.00
660.05	177.00
660.26	178.00
660.47	178.00
660.69	177.00
660.90	179.00
661.11	174.00
661.32	174.00
661.54	179.00
661.75	178.00
661.96	177.00
662.18	173.00
662.39	180.00
662.60	178.00
662.82	175.00
663.03	174.00
663.24	177.00
663.45	176.00
663.67	174.00
663.88	172.00
664.09	171.00
664.30	176.00
664.52	178.00
664.73	180.00
664.94	178.00
665.16	173.00
665.37	176.00
665.58	174.00
665.79	169.00
666.01	179.00
666.22	178.00
666.43	176.00
666.64	180.00
666.86	177.00
667.07	178.00
667.28	179.00
667.50	181.00
667.71	175.00
667.92	178.00
668.13	176.00
668.35	183.00
668.56	186.00
668.77	192.00
668.98	187.00
669.20	181.00
669.41	179.00
669.62	175.00
669.83	180.00
670.04	179.00
670.26	177.00
670.47	178.00
670.68	178.00
670.89	180.00
671.11	177.00
671.32	171.00
671.53	176.00
671.74	175.00
671.96	177.00
672.17	178.00
672.38	175.00
672.59	178.00
672.80	180.00
673.02	177.00
673.23	176.00
673.44	178.00
673.65	177.00
673.87	174.00
674.08	175.00
674.29	176.00
674.50	174.00
674.71	175.00
674.93	181.00
675.14	174.00
675.35	171.00
675.56	177.00
675.77	178.00
675.99	173.00
676.20	174.00
676.41	176.00
676.62	175.00
676.83	177.00
677.04	179.00
677.26	173.00
677.47	178.00
677.68	178.00
677.89	177.00
678.10	177.00
678.32	176.00
678.53	177.00
678.74	178.00
678.95	175.00
679.16	176.00
679.37	176.00
679.59	173.00
679.80	178.00
680.01	181.00
680.22	175.00
680.43	175.00
680.64	175.00
680.86	177.00
681.07	172.00
681.28	173.00
681.49	176.00
681.70	172.00
681.91	174.00
682.12	177.00
682.34	175.00
682.55	180.00
682.76	173.00
682.97	176.00
683.18	178.00
683.39	178.00
683.60	174.00
683.82	176.00
684.03	176.00
684.24	175.00
684.45	175.00
684.66	175.00
684.87	175.00
685.08	178.00
685.30	173.00
685.51	176.00
685.72	180.00
685.93	177.00
686.14	175.00
686.35	177.00
686.56	175.00
686.77	174.00
686.98	175.00
687.20	174.00
687.41	176.00
687.62	175.00
687.83	177.00
688.04	175.00
688.25	179.00
688.46	173.00
688.67	176.00
688.88	178.00
689.09	176.00
689.31	179.00
689.52	183.00
689.73	177.00
689.94	176.00
690.15	179.00
690.36	176.00
690.57	176.00
690.78	180.00
690.99	193.00
691.20	193.00
691.41	187.00
691.62	181.00
691.84	183.00
692.05	178.00
692.26	177.00
692.47	176.00
692.68	177.00
692.89	179.00
693.10	178.00
693.31	173.00
693.52	173.00
693.73	179.00
693.94	181.00
694.15	177.00
694.36	178.00
694.57	177.00
694.78	177.00
694.99	177.00
695.21	179.00
695.42	178.00
695.63	174.00
695.84	178.00
696.05	177.00
696.26	174.00
696.47	193.00
696.68	339.00
696.89	490.00
697.10	440.00
697.31	385.00
697.52	366.00
697.73	327.00
697.94	226.00
698.15	190.00
698.36	181.00
698.57	179.00
698.78	180.00
698.99	178.00
699.20	178.00
699.41	174.00
699.62	178.00
699.83	178.00
700.04	180.00
700.25	180.00
700.46	176.00
700.67	175.00
700.88	173.00
701.09	182.00
701.30	179.00
701.51	174.00
701.72	175.00
701.93	175.00
702.14	172.00
702.35	178.00
702.56	171.00
702.77	175.00
702.98	177.00
703.19	179.00
703.40	180.00
703.61	178.00
703.82	181.00
704.03	177.00
704.24	175.00
704.45	178.00
704.66	176.00
704.87	177.00
705.08	181.00
705.29	180.00
705.50	178.00
705.71	177.00
705.92	173.00
706.13	177.00
706.34	175.00
706.55	177.00
706.76	205.00
706.97	253.00
707.18	243.00
707.39	221.00
707.60	228.00
707.80	218.00
708.01	196.00
708.22	180.00
708.43	180.00
708.64	177.00
708.85	179.00
709.06	174.00
709.27	177.00
709.48	175.00
709.69	171.00
709.90	176.00
710.11	173.00
710.32	177.00
710.53	174.00
710.74	176.00
710.95	175.00
711.15	175.00
711.36	178.00
711.57	177.00
711.78	175.00
711.99	176.00
712.20	174.00
712.41	178.00
712.62	176.00
712.83	175.00
713.04	180.00
713.25	175.00
713.46	175.00
713.66	183.00
713.87	175.00
714.08	177.00
714.29	179.00
714.50	178.00
714.71	181.00
714.92	189.00
715.13	189.00
715.34	181.00
715.54	180.00
715.75	179.00
715.96	178.00
716.17	174.00
716.38	177.00
716.59	176.00
716.80	178.00
717.01	176.00
717.22	177.00
717.42	174.00
717.63	178.00
717.84	173.00
718.05	178.00
718.26	179.00
718.47	176.00
718.68	174.00
718.88	174.00
719.09	174.00
719.30	181.00
719.51	172.00
719.72	181.00
719.93	180.00
720.14	174.00
720.34	174.00
720.55	175.00
720.76	177.00
720.97	172.00
721.18	176.00
721.39	178.00
721.60	178.00
721.80	175.00
722.01	180.00
722.22	178.00
722.43	174.00
722.64	176.00
722.85	176.00
723.05	176.00
723.26	174.00
723.47	181.00
723.68	181.00
723.89	174.00
724.10	175.00
724.30	175.00
724.51	179.00
724.72	178.00
724.93	179.00
725.14	172.00
725.34	176.00
725.55	179.00
725.76	178.00
725.97	174.00
726.18	175.00
726.38	178.00
726.59	175.00
726.80	176.00
727.01	185.00
727.22	208.00
727.42	252.00
727.63	238.00
727.84	217.00
728.05	214.00
728.26	201.00
728.46	185.00
728.67	182.00
728.88	178.00
729.09	178.00
729.29	179.00
729.50	187.00
729.71	198.00
729.92	383.00
730.13	719.00
730.33	623.00
730.54	406.00
730.75	347.00
730.96	341.00
731.16	304.00
731.37	245.00
731.58	214.00
731.79	200.00
731.99	186.00
732.20	181.00
732.41	190.00
732.62	230.00
732.82	255.00
733.03	216.00
733.24	201.00
733.45	190.00
733.65	184.00
733.86	176.00
734.07	175.00
734.28	179.00
734.48	180.00
734.69	176.00
734.90	176.00
735.11	174.00
735.31	177.00
735.52	179.00
735.73	174.00
735.94	179.00
736.14	180.00
736.35	174.00
736.56	181.00
736.76	175.00
736.97	176.00
737.18	180.00
737.39	179.00
737.59	176.00
737.80	177.00
738.01	188.00
738.21	226.00
738.42	301.00
738.63	293.00
738.83	248.00
739.04	234.00
739.25	209.00
739.46	194.00
739.66	178.00
739.87	178.00
740.08	173.00
740.28	175.00
740.49	179.00
740.70	177.00
740.90	180.00
741.11	177.00
741.32	179.00
741.52	180.00
741.73	180.00
741.94	171.00
742.14	178.00
742.35	174.00
742.56	177.00
742.76	177.00
742.97	176.00
743.18	182.00
743.38	179.00
743.59	180.00
743.80	173.00
744.00	171.00
744.21	177.00
744.42	178.00
744.62	176.00
744.83	176.00
745.04	174.00
745.24	176.00
745.45	180.00
745.66	176.00
745.86	175.00
746.07	176.00
746.28	176.00
746.48	177.00
746.69	179.00
746.89	182.00
747.10	176.00
747.31	177.00
747.51	181.00
747.72	178.00
747.93	184.00
748.13	181.00
748.34	177.00
748.54	175.00
748.75	175.00
748.96	180.00
749.16	177.00
749.37	179.00
749.58	179.00
749.78	185.00
749.99	215.00
750.19	389.00
750.40	492.00
750.61	398.00
750.81	334.00
751.02	295.00
751.22	290.00
751.43	316.00
751.64	280.00
751.84	245.00
752.05	224.00
752.25	197.00
752.46	188.00
752.66	181.00
752.87	179.00
753.08	176.00
753.28	178.00
753.49	177.00
753.69	172.00
753.90	175.00
754.11	172.00
754.31	173.00
754.52	175.00
754.72	177.00
754.93	178.00
755.13	181.00
755.34	181.00
755.54	182.00
755.75	175.00
755.96	180.00
756.16	178.00
756.37	178.00
756.57	179.00
756.78	179.00
756.98	182.00
757.19	177.00
757.39	179.00
757.60	179.00
757.81	178.00
758.01	177.00
758.22	178.00
758.42	176.00
758.63	177.00
758.83	175.00
759.04	175.00
759.24	176.00
759.45	177.00
759.65	177.00
759.86	180.00
760.06	177.00
760.27	178.00
760.47	174.00
760.68	175.00
760.88	179.00
761.09	177.00
761.29	177.00
761.50	184.00
761.70	180.00
761.91	180.00
762.11	179.00
762.32	179.00
762.52	180.00
762.73	183.00
762.93	213.00
763.14	485.00
763.34	855.00
763.55	723.00
763.75	487.00
763.96	367.00
764.16	249.00
764.37	198.00
764.57	186.00
764.78	185.00
764.98	184.00
765.19	177.00
765.39	179.00
765.60	180.00
765.80	178.00
766.01	177.00
766.21	185.00
766.42	179.00
766.62	181.00
766.83	178.00
767.03	180.00
767.24	176.00
767.44	177.00
767.64	180.00
767.85	178.00
768.05	180.00
768.26	173.00
768.46	180.00
768.67	177.00
768.87	178.00
769.08	176.00
769.28	182.00
769.48	181.00
769.69	177.00
769.89	180.00
770.10	181.00
770.30	180.00
770.51	181.00
770.71	180.00
770.91	179.00
771.12	178.00
771.32	183.00
771.53	177.00
771.73	191.00
771.94	310.00
772.14	491.00
772.34	444.00
772.55	303.00
772.75	226.00
772.96	192.00
773.16	182.00
773.36	183.00
773.57	175.00
773.77	180.00
773.98	176.00
774.18	175.00
774.38	178.00
774.59	178.00
774.79	177.00
775.00	179.00
775.20	171.00
775.40	177.00
775.61	176.00
775.81	178.00
776.02	177.00
776.22	177.00
776.42	174.00
776.63	174.00
776.83	177.00
777.04	175.00
777.24	175.00
777.44	177.00
777.65	177.00
777.85	175.00
778.05	179.00
778.26	175.00
778.46	174.00
778.66	174.00
778.87	171.00
779.07	173.00
779.28	179.00
779.48	180.00
779.68	178.00
779.89	179.00
780.09	176.00
780.29	177.00
780.50	181.00
780.70	177.00
780.90	177.00
781.11	174.00
781.31	178.00
781.51	178.00
781.72	172.00
781.92	174.00
782.12	171.00
782.33	176.00
782.53	179.00
782.73	179.00
782.94	173.00
783.14	178.00
783.34	182.00
783.55	176.00
783.75	183.00
783.95	177.00
784.15	177.00
784.36	181.00
784.56	180.00
784.76	179.00
784.97	179.00
785.17	177.00
785.37	178.00
785.58	179.00
785.78	175.00
785.98	176.00
786.19	174.00
786.39	177.00
786.59	181.00
786.79	176.00
787.00	178.00
