339.90	0.00
340.13	69.00
340.37	68.00
340.60	70.00
340.83	71.00
341.06	72.00
341.29	74.00
341.52	74.00
341.75	76.00
341.98	76.00
342.21	76.00
342.44	76.00
342.67	77.00
342.91	77.00
343.14	75.00
343.37	77.00
343.60	77.00
343.83	77.00
344.06	77.00
344.29	78.00
344.52	78.00
344.75	78.00
344.98	76.00
345.21	75.00
345.44	76.00
345.68	77.00
345.91	79.00
346.14	84.00
346.37	89.00
346.60	92.00
346.83	91.00
347.06	91.00
347.29	92.00
347.52	92.00
347.75	92.00
347.98	95.00
348.21	94.00
348.44	92.00
348.67	93.00
348.90	92.00
349.14	95.00
349.37	95.00
349.60	94.00
349.83	97.00
350.06	103.00
350.29	97.00
350.52	97.00
350.75	99.00
350.98	99.00
351.21	97.00
351.44	94.00
351.67	96.00
351.90	96.00
352.13	97.00
352.36	97.00
352.59	96.00
352.82	98.00
353.05	101.00
353.29	101.00
353.52	101.00
353.75	103.00
353.98	106.00
354.21	102.00
354.44	102.00
354.67	101.00
354.90	102.00
355.13	105.00
355.36	105.00
355.59	101.00
355.82	110.00
356.05	104.00
356.28	102.00
356.51	103.00
356.74	104.00
356.97	101.00
357.20	103.00
357.43	98.00
357.66	98.00
357.89	98.00
358.12	97.00
358.35	100.00
358.58	102.00
358.81	106.00
359.04	107.00
359.27	112.00
359.50	106.00
359.73	106.00
359.96	107.00
360.19	106.00
360.42	104.00
360.65	105.00
360.88	110.00
361.11	109.00
361.34	108.00
361.57	106.00
361.80	110.00
362.03	116.00
362.26	115.00
362.49	115.00
362.72	114.00
362.95	113.00
363.18	120.00
363.41	118.00
363.64	114.00
363.87	116.00
364.10	116.00
364.33	117.00
364.56	123.00
364.79	121.00
365.02	123.00
365.25	130.00
365.48	134.00
365.71	127.00
365.94	126.00
366.17	132.00
366.40	130.00
366.63	125.00
366.86	134.00
367.09	129.00
367.32	127.00
367.55	129.00
367.78	126.00
368.01	122.00
368.24	133.00
368.47	134.00
368.70	132.00
368.93	134.00
369.16	136.00
369.39	135.00
369.62	142.00
369.85	135.00
370.08	131.00
370.31	129.00
370.54	139.00
370.77	148.00
371.00	145.00
371.23	145.00
371.46	132.00
371.69	138.00
371.92	138.00
372.15	139.00
372.38	140.00
372.61	139.00
372.84	130.00
373.07	127.00
373.30	131.00
373.53	132.00
373.76	135.00
373.98	132.00
374.21	132.00
374.44	133.00
374.67	140.00
374.90	150.00
375.13	143.00
375.36	150.00
375.59	148.00
375.82	150.00
376.05	151.00
376.28	158.00
376.51	158.00
376.74	158.00
376.97	163.00
377.20	168.00
377.43	171.00
377.66	178.00
377.89	179.00
378.12	164.00
378.34	164.00
378.57	163.00
378.80	162.00
379.03	160.00
379.26	157.00
379.49	167.00
379.72	170.00
379.95	185.00
380.18	184.00
380.41	182.00
380.64	174.00
380.87	166.00
381.10	174.00
381.33	167.00
381.55	158.00
381.78	155.00
382.01	147.00
382.24	148.00
382.47	149.00
382.70	143.00
382.93	145.00
383.16	145.00
383.39	148.00
383.62	166.00
383.85	177.00
384.08	188.00
384.30	183.00
384.53	190.00
384.76	189.00
384.99	179.00
385.22	176.00
385.45	172.00
385.68	185.00
385.91	190.00
386.14	186.00
386.37	191.00
386.60	192.00
386.82	193.00
387.05	188.00
387.28	185.00
387.51	190.00
387.74	198.00
387.97	192.00
388.20	183.00
388.43	200.00
388.66	216.00
388.88	213.00
389.11	229.00
389.34	232.00
389.57	229.00
389.80	234.00
390.03	236.00
390.26	243.00
390.49	246.00
390.72	258.00
390.94	260.00
391.17	253.00
391.40	237.00
391.63	233.00
391.86	227.00
392.09	210.00
392.32	183.00
392.55	171.00
392.77	156.00
393.00	153.00
393.23	165.00
393.46	184.00
393.69	203.00
393.92	221.00
394.15	245.00
394.38	272.00
394.60	272.00
394.83	276.00
395.06	259.00
395.29	265.00
395.52	241.00
395.75	227.00
395.98	197.00
396.20	175.00
396.43	180.00
396.66	200.00
396.89	221.00
397.12	245.00
397.35	278.00
397.58	294.00
397.80	307.00
398.03	330.00
398.26	334.00
398.49	338.00
398.72	342.00
398.95	354.00
399.17	357.00
399.40	349.00
399.63	354.00
399.86	351.00
400.09	363.00
400.32	384.00
400.54	392.00
400.77	395.00
401.00	403.00
401.23	395.00
401.46	402.00
401.69	423.00
401.91	427.00
402.14	438.00
402.37	416.00
402.60	417.00
402.83	404.00
403.06	411.00
403.28	416.00
403.51	421.00
403.74	404.00
403.97	406.00
404.20	402.00
404.43	411.00
404.65	406.00
404.88	435.00
405.11	420.00
405.34	435.00
405.57	419.00
405.79	400.00
406.02	431.00
406.25	429.00
406.48	423.00
406.71	439.00
406.93	445.00
407.16	431.00
407.39	443.00
407.62	460.00
407.85	461.00
408.08	491.00
408.30	503.00
408.53	496.00
408.76	473.00
408.99	497.00
409.22	466.00
409.44	441.00
409.67	427.00
409.90	433.00
410.13	448.00
410.35	450.00
410.58	486.00
410.81	516.00
411.04	510.00
411.27	505.00
411.49	520.00
411.72	523.00
411.95	519.00
412.18	513.00
412.41	509.00
412.63	526.00
412.86	501.00
413.09	531.00
413.32	537.00
413.54	551.00
413.77	539.00
414.00	560.00
414.23	546.00
414.46	524.00
414.68	543.00
414.91	553.00
415.14	555.00
415.37	549.00
415.59	572.00
415.82	587.00
416.05	596.00
416.28	591.00
416.50	547.00
416.73	525.00
416.96	534.00
417.19	522.00
417.41	539.00
417.64	571.00
417.87	579.00
418.10	560.00
418.33	562.00
418.55	585.00
418.78	567.00
419.01	597.00
419.24	575.00
419.46	564.00
419.69	577.00
419.92	614.00
420.14	626.00
420.37	637.00
420.60	654.00
420.83	665.00
421.05	639.00
421.28	700.00
421.51	662.00
421.74	641.00
421.96	607.00
422.19	602.00
422.42	646.00
422.65	636.00
422.87	635.00
423.10	660.00
423.33	679.00
423.56	679.00
423.78	652.00
424.01	695.00
424.24	700.00
424.46	656.00
424.69	652.00
424.92	640.00
425.15	637.00
425.37	627.00
425.60	625.00
425.83	697.00
426.05	730.00
426.28	687.00
426.51	659.00
426.74	629.00
426.96	635.00
427.19	651.00
427.42	650.00
427.64	653.00
427.87	643.00
428.10	633.00
428.33	618.00
428.55	623.00
428.78	652.00
429.01	630.00
429.23	583.00
429.46	576.00
429.69	569.00
429.92	569.00
430.14	532.00
430.37	518.00
430.60	554.00
430.82	576.00
431.05	672.00
431.28	756.00
431.50	806.00
431.73	767.00
431.96	709.00
432.18	743.00
432.41	745.00
432.64	749.00
432.86	788.00
433.09	775.00
433.32	691.00
433.55	683.00
433.77	701.00
434.00	705.00
434.23	745.00
434.45	748.00
434.68	780.00
434.91	787.00
435.13	827.00
435.36	856.00
435.59	848.00
435.81	823.00
436.04	859.00
436.27	866.00
436.49	871.00
436.72	852.00
436.95	839.00
437.17	856.00
437.40	833.00
437.63	770.00
437.85	730.00
438.08	767.00
438.31	790.00
438.53	780.00
438.76	809.00
438.99	813.00
439.21	825.00
439.44	848.00
439.66	836.00
439.89	818.00
440.12	823.00
440.34	864.00
440.57	872.00
440.80	871.00
441.02	873.00
441.25	957.00
441.48	918.00
441.70	921.00
441.93	923.00
442.16	945.00
442.38	936.00
442.61	892.00
442.83	932.00
443.06	940.00
443.29	959.00
443.51	918.00
443.74	913.00
443.97	966.00
444.19	972.00
444.42	971.00
444.64	1001.00
444.87	995.00
445.10	924.00
445.32	923.00
445.55	887.00
445.78	938.00
446.00	991.00
446.23	978.00
446.45	967.00
446.68	974.00
446.91	1001.00
447.13	1015.00
447.36	997.00
447.59	1009.00
447.81	1056.00
448.04	1021.00
448.26	1037.00
448.49	1037.00
448.72	1019.00
448.94	1021.00
449.17	1045.00
449.39	1032.00
449.62	1063.00
449.85	1204.00
450.07	1189.00
450.30	1171.00
450.52	1167.00
450.75	1162.00
450.98	1148.00
451.20	1102.00
451.43	1047.00
451.65	1071.00
451.88	1076.00
452.10	1073.00
452.33	1036.00
452.56	1053.00
452.78	1054.00
453.01	1088.00
453.23	1148.00
453.46	1116.00
453.69	1218.00
453.91	1219.00
454.14	1174.00
454.36	1154.00
454.59	1190.00
454.81	1226.00
455.04	1190.00
455.27	1221.00
455.49	1205.00
455.72	1185.00
455.94	1201.00
456.17	1241.00
456.39	1199.00
456.62	1230.00
456.85	1265.00
457.07	1218.00
457.30	1255.00
457.52	1221.00
457.75	1161.00
457.97	1163.00
458.20	1135.00
458.42	1209.00
458.65	1239.00
458.88	1265.00
459.10	1278.00
459.33	1327.00
459.55	1249.00
459.78	1240.00
460.00	1292.00
460.23	1277.00
460.45	1351.00
460.68	1372.00
460.91	1363.00
461.13	1337.00
461.36	1322.00
461.58	1342.00
461.81	1294.00
462.03	1345.00
462.26	1346.00
462.48	1372.00
462.71	1470.00
462.93	1441.00
463.16	1364.00
463.38	1356.00
463.61	1401.00
463.83	1327.00
464.06	1305.00
464.29	1275.00
464.51	1306.00
464.74	1349.00
464.96	1383.00
465.19	1411.00
465.41	1473.00
465.64	1471.00
465.86	1393.00
466.09	1409.00
466.31	1355.00
466.54	1415.00
466.76	1385.00
466.99	1422.00
467.21	1417.00
467.44	1388.00
467.66	1353.00
467.89	1427.00
468.11	1405.00
468.34	1515.00
468.56	1599.00
468.79	1531.00
469.01	1461.00
469.24	1475.00
469.46	1428.00
469.69	1434.00
469.91	1496.00
470.14	1530.00
470.36	1464.00
470.59	1567.00
470.81	1579.00
471.04	1493.00
471.26	1517.00
471.49	1609.00
471.71	1632.00
471.94	1641.00
472.16	1609.00
472.39	1589.00
472.61	1646.00
472.84	1579.00
473.06	1540.00
473.29	1574.00
473.51	1587.00
473.74	1623.00
473.96	1653.00
474.18	1711.00
474.41	1712.00
474.63	1663.00
474.86	1639.00
475.08	1661.00
475.31	1683.00
475.53	1597.00
475.76	1682.00
475.98	1761.00
476.21	1727.00
476.43	1736.00
476.66	1765.00
476.88	1838.00
477.11	1847.00
477.33	1845.00
477.55	1853.00
477.78	1945.00
478.00	1997.00
478.23	1982.00
478.45	1827.00
478.68	1833.00
478.90	1919.00
479.13	1945.00
479.35	1995.00
479.57	1955.00
479.80	1957.00
480.02	1885.00
480.25	1941.00
480.47	2041.00
480.70	2089.00
480.92	2061.00
481.15	1985.00
481.37	1999.00
481.59	2059.00
481.82	2083.00
482.04	2135.00
482.27	2151.00
482.49	2133.00
482.72	2118.00
482.94	2141.00
483.16	2219.00
483.39	2185.00
483.61	2158.00
483.84	2109.00
484.06	2144.00
484.29	2206.00
484.51	2240.00
484.73	2206.00
484.96	2183.00
485.18	2139.00
485.41	1925.00
485.63	1658.00
485.85	1606.00
486.08	1730.00
486.30	1961.00
486.53	2107.00
486.75	2035.00
486.97	2060.00
487.20	2075.00
487.42	2129.00
487.65	2150.00
487.87	2234.00
488.09	2169.00
488.32	2185.00
488.54	2128.00
488.77	2143.00
488.99	2225.00
489.21	2327.00
489.44	2403.00
489.66	2333.00
489.89	2357.00
490.11	2343.00
490.33	2337.00
490.56	2344.00
490.78	2399.00
491.01	2365.00
491.23	2346.00
491.45	2293.00
491.68	2345.00
491.90	2315.00
492.12	2297.00
492.35	2299.00
492.57	2407.00
492.80	2419.00
493.02	2372.00
493.24	2369.00
493.47	2341.00
493.69	2349.00
493.91	2437.00
494.14	2631.00
494.36	2729.00
494.59	2723.00
494.81	2721.00
495.03	2632.00
495.26	2439.00
495.48	2427.00
495.70	2419.00
495.93	2427.00
496.15	2369.00
496.37	2510.00
496.60	2456.00
496.82	2557.00
497.04	2567.00
497.27	2545.00
497.49	2547.00
497.71	2540.00
497.94	2365.00
498.16	2425.00
498.39	2591.00
498.61	2559.00
498.83	2563.00
499.06	2685.00
499.28	2836.00
499.50	2823.00
499.73	2635.00
499.95	2565.00
500.17	2409.00
500.40	2484.00
500.62	2505.00
500.84	2503.00
501.07	2391.00
501.29	2410.00
501.51	2439.00
501.74	2470.00
501.96	2493.00
502.18	2491.00
502.40	2621.00
502.63	2644.00
502.85	2606.00
503.07	2553.00
503.30	2476.00
503.52	2385.00
503.74	2361.00
503.97	2421.00
504.19	2507.00
504.41	2639.00
504.64	2535.00
504.86	2505.00
505.08	2621.00
505.31	2589.00
505.53	2743.00
505.75	2797.00
505.97	2659.00
506.20	2567.00
506.42	2536.00
506.64	2661.00
506.87	2695.00
507.09	2596.00
507.31	2546.00
507.53	2423.00
507.76	2442.00
507.98	2505.00
508.20	2620.00
508.43	2621.00
508.65	2717.00
508.87	2789.00
509.09	2851.00
509.32	2729.00
509.54	2557.00
509.76	2589.00
509.99	2677.00
510.21	2743.00
510.43	2647.00
510.65	2611.00
510.88	2763.00
511.10	2819.00
511.32	2897.00
511.55	2989.00
511.77	2849.00
511.99	2722.00
512.21	2651.00
512.44	2533.00
512.66	2526.00
512.88	2571.00
513.10	2592.00
513.33	2629.00
513.55	2695.00
513.77	2718.00
513.99	2701.00
514.22	2683.00
514.44	2747.00
514.66	2819.00
514.88	2804.00
515.11	2763.00
515.33	2782.00
515.55	2689.00
515.77	2675.00
516.00	2668.00
516.22	2508.00
516.44	2233.00
516.66	2113.00
516.89	2225.00
517.11	2395.00
517.33	2611.00
517.55	2687.00
517.78	2570.00
518.00	2325.00
518.22	2393.00
518.44	2646.00
518.66	2761.00
518.89	2642.00
519.11	2685.00
519.33	2869.00
519.55	3009.00
519.78	2962.00
520.00	2791.00
520.22	2717.00
520.44	2689.00
520.66	2741.00
520.89	2891.00
521.11	2893.00
521.33	2814.00
521.55	2717.00
521.78	2745.00
522.00	2831.00
522.22	2573.00
522.44	2447.00
522.66	2559.00
522.89	2672.00
523.11	2645.00
523.33	2721.00
523.55	2808.00
523.77	2875.00
524.00	2945.00
524.22	3117.00
524.44	3125.00
524.66	2973.00
524.88	3059.00
525.11	2865.00
525.33	2821.00
525.55	2945.00
525.77	2985.00
525.99	2729.00
526.21	2457.00
526.44	2407.00
526.66	2397.00
526.88	2461.00
527.10	2654.00
527.32	2789.00
527.55	2997.00
527.77	2905.00
527.99	2778.00
528.21	2824.00
528.43	3063.00
528.65	3263.00
528.88	3269.00
529.10	3154.00
529.32	3045.00
529.54	2983.00
529.76	2905.00
529.98	2919.00
530.21	2983.00
530.43	3115.00
530.65	3151.00
530.87	3039.00
531.09	2998.00
531.31	2779.00
531.54	2912.00
531.76	2988.00
531.98	2935.00
532.20	2937.00
532.42	2759.00
532.64	2647.00
532.86	2875.00
533.09	3069.00
533.31	3159.00
533.53	3159.00
533.75	3035.00
533.97	2995.00
534.19	3088.00
534.41	3068.00
534.64	2981.00
534.86	3041.00
535.08	3099.00
535.30	3213.00
535.52	3287.00
535.74	3181.00
535.96	3057.00
536.18	2933.00
536.41	2793.00
536.63	2825.00
536.85	2641.00
537.07	2889.00
537.29	3146.00
537.51	3251.00
537.73	3250.00
537.95	2939.00
538.18	2941.00
538.40	3116.00
538.62	3278.00
538.84	3104.00
539.06	2963.00
539.28	2911.00
539.50	2772.00
539.72	2824.00
539.94	2925.00
540.16	2837.00
540.39	2714.00
540.61	2797.00
540.83	2789.00
541.05	2869.00
541.27	2919.00
541.49	3021.00
541.71	3073.00
541.93	3050.00
542.15	2921.00
542.37	2983.00
542.60	2921.00
542.82	2733.00
543.04	2888.00
543.26	2925.00
543.48	2985.00
543.70	3067.00
543.92	3013.00
544.14	3009.00
544.36	2817.00
544.58	2845.00
544.80	3097.00
545.02	3293.00
545.25	3293.00
545.47	3237.00
545.69	3243.00
545.91	3049.00
546.13	3049.00
546.35	3080.00
546.57	3135.00
546.79	2952.00
547.01	2950.00
547.23	2981.00
547.45	2764.00
547.67	2927.00
547.89	3071.00
548.11	3142.00
548.33	3189.00
548.55	2954.00
548.77	2935.00
549.00	2842.00
549.22	2853.00
549.44	2841.00
549.66	2909.00
549.88	2932.00
550.10	2843.00
550.32	2819.00
550.54	3037.00
550.76	3281.00
550.98	3117.00
551.20	3156.00
551.42	3151.00
551.64	2960.00
551.86	2993.00
552.08	2979.00
552.30	2829.00
552.52	2747.00
552.74	2943.00
552.96	3133.00
553.18	3029.00
553.40	2822.00
553.62	2959.00
553.84	3063.00
554.06	2973.00
554.28	3118.00
554.50	3137.00
554.72	3221.00
554.94	3082.00
555.16	3049.00
555.38	3261.00
555.60	3177.00
555.82	3127.00
556.04	3074.00
556.26	3139.00
556.48	3105.00
556.70	2963.00
556.92	2937.00
557.14	3041.00
557.36	3069.00
557.58	2983.00
557.80	2849.00
558.02	2875.00
558.24	3035.00
558.46	2825.00
558.68	2864.00
558.90	3041.00
559.12	3020.00
559.34	3065.00
559.56	2774.00
559.78	2779.00
560.00	2753.00
560.22	3076.00
560.44	3081.00
560.66	2943.00
560.88	3042.00
561.10	2949.00
561.32	2844.00
561.54	3055.00
561.76	3135.00
561.98	2958.00
562.20	2955.00
562.42	3108.00
562.64	3189.00
562.86	3241.00
563.08	2989.00
563.30	2758.00
563.52	2783.00
563.74	2934.00
563.96	3069.00
564.18	3053.00
564.40	2844.00
564.62	2921.00
564.84	3005.00
565.06	3013.00
565.28	2840.00
565.49	2935.00
565.71	2979.00
565.93	3001.00
566.15	3087.00
566.37	3239.00
566.59	3239.00
566.81	3041.00
567.03	3017.00
567.25	3025.00
567.47	3147.00
567.69	3065.00
567.91	2951.00
568.13	2973.00
568.35	2879.00
568.57	2737.00
568.79	2734.00
569.00	2894.00
569.22	3025.00
569.44	3015.00
569.66	2916.00
569.88	2935.00
570.10	3015.00
570.32	2958.00
570.54	2853.00
570.76	2669.00
570.98	2751.00
571.20	2973.00
571.42	3059.00
571.63	3213.00
571.85	3309.00
572.07	3017.00
572.29	3117.00
572.51	3087.00
572.73	3071.00
572.95	3083.00
573.17	3117.00
573.39	3000.00
573.61	2933.00
573.82	3025.00
574.04	3064.00
574.26	3129.00
574.48	3086.00
574.70	3111.00
574.92	3048.00
575.14	2877.00
575.36	3141.00
575.58	3239.00
575.80	3045.00
576.01	2797.00
576.23	2977.00
576.45	2943.00
576.67	2923.00
576.89	2925.00
577.11	2833.00
577.33	3001.00
577.55	3200.00
577.76	3157.00
577.98	3194.00
578.20	2988.00
578.42	2994.00
578.64	2979.00
578.86	2859.00
579.08	3037.00
579.29	3261.00
579.51	3117.00
579.73	3133.00
579.95	3201.00
580.17	3123.00
580.39	3101.00
580.61	3208.00
580.82	3245.00
581.04	3158.00
581.26	3105.00
581.48	3045.00
581.70	3343.00
581.92	3649.00
582.14	3433.00
582.35	3221.00
582.57	3007.00
582.79	3148.00
583.01	3297.00
583.23	3437.00
583.45	3403.00
583.66	3288.00
583.88	3250.00
584.10	3307.00
584.32	3373.00
584.54	3259.00
584.76	3061.00
584.97	3037.00
585.19	3115.00
585.41	3211.00
585.63	3052.00
585.85	3319.00
586.06	3383.00
586.28	3209.00
586.50	3135.00
586.72	3105.00
586.94	3079.00
587.16	3257.00
587.37	3257.00
587.59	3155.00
587.81	2863.00
588.03	2827.00
588.25	2787.00
588.46	2617.00
588.68	2479.00
588.90	2725.00
589.12	3029.00
589.34	2725.00
589.55	2697.00
589.77	2701.00
589.99	2957.00
590.21	2978.00
590.43	3047.00
590.64	2945.00
590.86	3029.00
591.08	2933.00
591.30	2869.00
591.52	2885.00
591.73	2861.00
591.95	2761.00
592.17	2744.00
592.39	3052.00
592.60	2973.00
592.82	3025.00
593.04	2915.00
593.26	3081.00
593.47	3164.00
593.69	3085.00
593.91	2743.00
594.13	2853.00
594.35	2921.00
594.56	2902.00
594.78	2831.00
595.00	2817.00
595.22	2849.00
595.43	2947.00
595.65	3043.00
595.87	3052.00
596.09	3073.00
596.30	3028.00
596.52	2985.00
596.74	3081.00
596.96	3207.00
597.17	3066.00
597.39	2945.00
597.61	3144.00
597.83	3061.00
598.04	2809.00
598.26	2839.00
598.48	2977.00
598.70	3047.00
598.91	2972.00
599.13	2906.00
599.35	2981.00
599.56	3064.00
599.78	3132.00
600.00	2959.00
600.22	2966.00
600.43	3057.00
600.65	3026.00
600.87	3111.00
601.09	3022.00
601.30	2881.00
601.52	3007.00
601.74	3011.00
601.95	3017.00
602.17	2969.00
602.39	2987.00
602.61	3111.00
602.82	3225.00
603.04	3077.00
603.26	3073.00
603.47	3021.00
603.69	3048.00
603.91	3099.00
604.13	3143.00
604.34	3133.00
604.56	3057.00
604.78	3171.00
604.99	3161.00
605.21	2964.00
605.43	3108.00
605.64	3218.00
605.86	3144.00
606.08	3029.00
606.29	2993.00
606.51	3155.00
606.73	3001.00
606.94	2999.00
607.16	3196.00
607.38	3045.00
607.60	2886.00
607.81	3004.00
608.03	3099.00
608.25	3029.00
608.46	2965.00
608.68	2881.00
608.90	2937.00
609.11	3025.00
609.33	3053.00
609.55	3117.00
609.76	3002.00
609.98	2941.00
610.20	3031.00
610.41	3025.00
610.63	2985.00
610.85	3029.00
611.06	3116.00
611.28	3053.00
611.49	3060.00
611.71	2965.00
611.93	2963.00
612.14	3111.00
612.36	2906.00
612.58	3035.00
612.79	3155.00
613.01	3045.00
613.23	2784.00
613.44	2644.00
613.66	3057.00
613.88	3092.00
614.09	3027.00
614.31	2899.00
614.52	2903.00
614.74	3107.00
614.96	3043.00
615.17	2775.00
615.39	2892.00
615.61	2857.00
615.82	2597.00
616.04	2696.00
616.25	2809.00
616.47	2729.00
616.69	2591.00
616.90	2739.00
617.12	2979.00
617.34	3014.00
617.55	2997.00
617.77	2967.00
617.98	2813.00
618.20	2881.00
618.42	2879.00
618.63	2900.00
618.85	2851.00
619.06	3041.00
619.28	3125.00
619.50	3215.00
619.71	3153.00
619.93	3041.00
620.14	2841.00
620.36	2989.00
620.58	3063.00
620.79	2899.00
621.01	2853.00
621.22	2860.00
621.44	2891.00
621.65	2836.00
621.87	2817.00
622.09	2991.00
622.30	3013.00
622.52	2909.00
622.73	2670.00
622.95	2665.00
623.16	2834.00
623.38	2843.00
623.60	2805.00
623.81	2815.00
624.03	2727.00
624.24	2687.00
624.46	2629.00
624.67	2728.00
624.89	2829.00
625.11	2769.00
625.32	2596.00
625.54	2586.00
625.75	2838.00
625.97	3025.00
626.18	2992.00
626.40	2865.00
626.61	2752.00
626.83	2727.00
627.05	2883.00
627.26	2805.00
627.48	2582.00
627.69	2539.00
627.91	2627.00
628.12	2661.00
628.34	2737.00
628.55	2805.00
628.77	2861.00
628.98	2661.00
629.20	2542.00
629.41	2645.00
629.63	2654.00
629.84	2507.00
630.06	2669.00
630.28	2810.00
630.49	2735.00
630.71	2728.00
630.92	2642.00
631.14	2509.00
631.35	2475.00
631.57	2473.00
631.78	2487.00
632.00	2677.00
632.21	2815.00
632.43	2873.00
632.64	2837.00
632.86	2801.00
633.07	2671.00
633.29	2491.00
633.50	2539.00
633.72	2675.00
633.93	2691.00
634.15	2583.00
634.36	2661.00
634.58	2829.00
634.79	2824.00
635.01	2817.00
635.22	2753.00
635.44	2747.00
635.65	2842.00
635.87	2825.00
636.08	2781.00
636.30	2916.00
636.51	2845.00
636.73	2671.00
636.94	2645.00
637.16	2729.00
637.37	2725.00
637.58	2649.00
637.80	2689.00
638.01	2779.00
638.23	2859.00
638.44	2861.00
638.66	2885.00
638.87	2836.00
639.09	2718.00
639.30	2863.00
639.52	2820.00
639.73	2834.00
639.95	2901.00
640.16	2843.00
640.37	2757.00
640.59	2581.00
640.80	2505.00
641.02	2611.00
641.23	2578.00
641.45	2531.00
641.66	2561.00
641.88	2647.00
642.09	2715.00
642.30	2717.00
642.52	2727.00
642.73	2659.00
642.95	2813.00
643.16	2749.00
643.38	2543.00
643.59	2579.00
643.80	2725.00
644.02	2779.00
644.23	2638.00
644.45	2517.00
644.66	2486.00
644.88	2561.00
645.09	2516.00
645.30	2574.00
645.52	2567.00
645.73	2489.00
645.95	2456.00
646.16	2532.00
646.38	2619.00
646.59	2593.00
646.80	2545.00
647.02	2327.00
647.23	2339.00
647.45	2389.00
647.66	2431.00
647.87	2484.00
648.09	2489.00
648.30	2619.00
648.52	2562.00
648.73	2381.00
648.94	2201.00
649.16	2126.00
649.37	2293.00
649.58	2415.00
649.80	2421.00
650.01	2646.00
650.23	2831.00
650.44	2785.00
650.65	2609.00
650.87	2499.00
651.08	2344.00
651.30	2405.00
651.51	2473.00
651.72	2304.00
651.94	2418.00
652.15	2633.00
652.36	2629.00
652.58	2521.00
652.79	2383.00
653.00	2344.00
653.22	2473.00
653.43	2543.00
653.65	2485.00
653.86	2357.00
654.07	2262.00
654.29	2215.00
654.50	2334.00
654.71	2447.00
654.93	2313.00
655.14	2221.00
655.35	2124.00
655.57	1970.00
655.78	1688.00
655.99	1762.00
656.21	2132.00
656.42	2181.00
656.63	2193.00
656.85	2295.00
657.06	2341.00
657.27	2390.00
657.49	2541.00
657.70	2573.00
657.91	2521.00
658.13	2369.00
658.34	2237.00
658.55	2255.00
658.77	2261.00
658.98	2287.00
659.19	2295.00
659.41	2337.00
659.62	2388.00
659.83	2440.00
660.05	2323.00
660.26	2267.00
660.47	2323.00
660.69	2359.00
660.90	2379.00
661.11	2383.00
661.32	2384.00
661.54	2317.00
661.75	2253.00
661.96	2297.00
662.18	2431.00
662.39	2315.00
662.60	2243.00
662.82	2238.00
663.03	2285.00
663.24	2319.00
663.45	2350.00
663.67	2301.00
663.88	2400.00
664.09	2349.00
664.30	2340.00
664.52	2249.00
664.73	2149.00
664.94	2222.00
665.16	2299.00
665.37	2347.00
665.58	2354.00
665.79	2351.00
666.01	2417.00
666.22	2437.00
666.43	2577.00
666.64	2411.00
666.86	2275.00
667.07	2261.00
667.28	2371.00
667.50	2415.00
667.71	2346.00
667.92	2329.00
668.13	2281.00
668.35	2350.00
668.56	2371.00
668.77	2363.00
668.98	2295.00
669.20	2255.00
669.41	2217.00
669.62	2104.00
669.83	2021.00
670.04	2029.00
670.26	2115.00
670.47	2168.00
670.68	2229.00
670.89	2196.00
671.11	2188.00
671.32	2178.00
671.53	2165.00
671.74	2167.00
671.96	2185.00
672.17	2167.00
672.38	2152.00
672.59	2201.00
672.80	2187.00
673.02	2201.00
673.23	2179.00
673.44	2121.00
673.65	2123.00
673.87	2111.00
674.08	2136.00
674.29	2129.00
674.50	2099.00
674.71	2106.00
674.93	2187.00
675.14	2163.00
675.35	2174.00
675.56	2089.00
675.77	2085.00
675.99	2136.00
676.20	2216.00
676.41	2181.00
676.62	2099.00
676.83	2045.00
677.04	2000.00
677.26	2028.00
677.47	2122.00
677.68	2183.00
677.89	2184.00
678.10	2142.00
678.32	2139.00
678.53	2081.00
678.74	2021.00
678.95	2000.00
679.16	1977.00
679.37	2083.00
679.59	2094.00
679.80	2033.00
680.01	2063.00
680.22	2022.00
680.43	1994.00
680.64	1993.00
680.86	1972.00
681.07	2000.00
681.28	1949.00
681.49	1914.00
681.70	1883.00
681.91	1892.00
682.12	1992.00
682.34	2099.00
682.55	2054.00
682.76	2052.00
682.97	2005.00
683.18	1990.00
683.39	1921.00
683.60	1975.00
683.82	1919.00
684.03	1835.00
684.24	1871.00
684.45	1917.00
684.66	1919.00
684.87	1906.00
685.08	1889.00
685.30	1929.00
685.51	1919.00
685.72	1899.00
685.93	1810.00
686.14	1568.00
686.35	1307.00
686.56	1219.00
686.77	1276.00
686.98	1367.00
687.20	1425.00
687.41	1584.00
687.62	1739.00
687.83	1649.00
688.04	1643.00
688.25	1625.00
688.46	1601.00
688.67	1695.00
688.88	1666.00
689.09	1690.00
689.31	1689.00
689.52	1761.00
689.73	1714.00
689.94	1686.00
690.15	1642.00
690.36	1715.00
690.57	1708.00
690.78	1722.00
690.99	1746.00
691.20	1789.00
691.41	1705.00
691.62	1655.00
691.84	1649.00
692.05	1578.00
692.26	1555.00
692.47	1527.00
692.68	1511.00
692.89	1505.00
693.10	1511.00
693.31	1446.00
693.52	1373.00
693.73	1494.00
693.94	1625.00
694.15	1635.00
694.36	1550.00
694.57	1578.00
694.78	1564.00
694.99	1556.00
695.21	1515.00
695.42	1665.00
695.63	1779.00
695.84	1781.00
696.05	1714.00
696.26	1654.00
696.47	1657.00
696.68	1713.00
696.89	1687.00
697.10	1686.00
697.31	1565.00
697.52	1615.00
697.73	1628.00
697.94	1608.00
698.15	1497.00
698.36	1481.00
698.57	1430.00
698.78	1523.00
698.99	1545.00
699.20	1534.00
699.41	1576.00
699.62	1581.00
699.83	1606.00
700.04	1568.00
700.25	1547.00
700.46	1652.00
700.67	1586.00
700.88	1475.00
701.09	1396.00
701.30	1437.00
701.51	1461.00
701.72	1501.00
701.93	1433.00
702.14	1505.00
702.35	1589.00
702.56	1661.00
702.77	1638.00
702.98	1605.00
703.19	1573.00
703.40	1623.00
703.61	1589.00
703.82	1577.00
704.03	1562.00
704.24	1591.00
704.45	1574.00
704.66	1561.00
704.87	1532.00
705.08	1514.00
705.29	1513.00
705.50	1497.00
705.71	1542.00
705.92	1569.00
706.13	1593.00
706.34	1562.00
706.55	1559.00
706.76	1547.00
706.97	1525.00
707.18	1529.00
707.39	1582.00
707.60	1600.00
707.80	1567.00
708.01	1457.00
708.22	1417.00
708.43	1469.00
708.64	1515.00
708.85	1567.00
709.06	1559.00
709.27	1591.00
709.48	1557.00
709.69	1589.00
709.90	1618.00
710.11	1573.00
710.32	1571.00
710.53	1513.00
710.74	1545.00
710.95	1567.00
711.15	1539.00
711.36	1517.00
711.57	1583.00
711.78	1584.00
711.99	1522.00
712.20	1434.00
712.41	1481.00
712.62	1602.00
712.83	1623.00
713.04	1578.00
713.25	1530.00
713.46	1527.00
713.66	1554.00
713.87	1469.00
714.08	1471.00
714.29	1503.00
714.50	1445.00
714.71	1432.00
714.92	1417.00
715.13	1415.00
715.34	1356.00
715.54	1306.00
715.75	1147.00
715.96	1071.00
716.17	1007.00
716.38	953.00
716.59	954.00
716.80	879.00
717.01	968.00
717.22	919.00
717.42	1017.00
717.63	911.00
717.84	893.00
718.05	869.00
718.26	850.00
718.47	884.00
718.68	836.00
718.88	797.00
719.09	802.00
719.30	869.00
719.51	784.00
719.72	818.00
719.93	867.00
720.14	959.00
720.34	1091.00
720.55	1169.00
720.76	1253.00
720.97	1252.00
721.18	1237.00
721.39	1223.00
721.60	1181.00
721.80	1131.00
722.01	1086.00
722.22	963.00
722.43	857.00
722.64	821.00
722.85	882.00
723.05	881.00
723.26	939.00
723.47	903.00
723.68	885.00
723.89	904.00
724.10	914.00
724.30	859.00
724.51	910.00
724.72	885.00
724.93	992.00
725.14	932.00
725.34	881.00
725.55	878.00
725.76	974.00
725.97	981.00
726.18	1018.00
726.38	933.00
726.59	818.00
726.80	759.00
727.01	772.00
727.22	833.00
727.42	975.00
727.63	1012.00
727.84	962.00
728.05	835.00
728.26	780.00
728.46	779.00
728.67	924.00
728.88	941.00
729.09	967.00
729.29	865.00
729.50	890.00
729.71	900.00
729.92	896.00
730.13	921.00
730.33	895.00
730.54	889.00
730.75	873.00
730.96	897.00
731.16	943.00
731.37	1009.00
731.58	989.00
731.79	965.00
731.99	981.00
732.20	965.00
732.41	960.00
732.62	993.00
732.82	1012.00
733.03	1036.00
733.24	1060.00
733.45	1047.00
733.65	1042.00
733.86	1009.00
734.07	1042.00
734.28	1024.00
734.48	1012.00
734.69	1021.00
734.90	981.00
735.11	989.00
735.31	1003.00
735.52	1015.00
735.73	1015.00
735.94	1048.00
736.14	1057.00
736.35	1054.00
736.56	1112.00
736.76	1120.00
736.97	1082.00
737.18	1034.00
737.39	1012.00
737.59	995.00
737.80	987.00
738.01	965.00
738.21	949.00
738.42	923.00
738.63	954.00
738.83	982.00
739.04	1031.00
739.25	1053.00
739.46	1031.00
739.66	1025.00
739.87	994.00
740.08	978.00
740.28	967.00
740.49	987.00
740.70	973.00
740.90	987.00
741.11	1003.00
741.32	1017.00
741.52	1015.00
741.73	1018.00
741.94	1034.00
742.14	1011.00
742.35	983.00
742.56	959.00
742.76	945.00
742.97	976.00
743.18	971.00
743.38	923.00
743.59	942.00
743.80	943.00
744.00	973.00
744.21	977.00
744.42	996.00
744.62	977.00
744.83	947.00
745.04	915.00
745.24	920.00
745.45	921.00
745.66	935.00
745.86	957.00
746.07	943.00
746.28	935.00
746.48	927.00
746.69	926.00
746.89	928.00
747.10	935.00
747.31	966.00
747.51	945.00
747.72	919.00
747.93	890.00
748.13	860.00
748.34	851.00
748.54	852.00
748.75	854.00
748.96	869.00
749.16	862.00
749.37	900.00
749.58	893.00
749.78	864.00
749.99	863.00
750.19	858.00
750.40	849.00
750.61	865.00
750.81	846.00
751.02	820.00
751.22	821.00
751.43	809.00
751.64	806.00
751.84	816.00
752.05	843.00
752.25	848.00
752.46	852.00
752.66	816.00
752.87	805.00
753.08	810.00
753.28	810.00
753.49	822.00
753.69	817.00
753.90	797.00
754.11	780.00
754.31	797.00
754.52	777.00
754.72	755.00
754.93	769.00
755.13	778.00
755.34	782.00
755.54	792.00
755.75	782.00
755.96	764.00
756.16	753.00
756.37	764.00
756.57	759.00
756.78	769.00
756.98	755.00
757.19	776.00
757.39	769.00
757.60	780.00
757.81	763.00
758.01	670.00
758.22	499.00
758.42	377.00
758.63	293.00
758.83	246.00
759.04	218.00
759.24	200.00
759.45	200.00
759.65	203.00
759.86	235.00
760.06	285.00
760.27	357.00
760.47	471.00
760.68	505.00
760.88	462.00
761.09	400.00
761.29	359.00
761.50	335.00
761.70	317.00
761.91	340.00
762.11	330.00
762.32	349.00
762.52	342.00
762.73	369.00
762.93	396.00
763.14	388.00
763.34	424.00
763.55	409.00
763.75	452.00
763.96	451.00
764.16	483.00
764.37	514.00
764.57	505.00
764.78	528.00
764.98	534.00
765.19	520.00
765.39	554.00
765.60	576.00
765.80	573.00
766.01	610.00
766.21	600.00
766.42	604.00
766.62	597.00
766.83	607.00
767.03	594.00
767.24	599.00
767.44	608.00
767.64	619.00
767.85	636.00
768.05	624.00
768.26	637.00
768.46	625.00
768.67	637.00
768.87	624.00
769.08	634.00
769.28	642.00
769.48	644.00
769.69	647.00
769.89	613.00
770.10	602.00
770.30	588.00
770.51	600.00
770.71	601.00
770.91	577.00
771.12	579.00
771.32	560.00
771.53	581.00
771.73	579.00
771.94	582.00
772.14	571.00
772.34	560.00
772.55	536.00
772.75	533.00
772.96	516.00
773.16	523.00
773.36	506.00
773.57	503.00
773.77	507.00
773.98	516.00
774.18	502.00
774.38	508.00
774.59	502.00
774.79	497.00
775.00	498.00
775.20	488.00
775.40	491.00
775.61	488.00
775.81	480.00
776.02	480.00
776.22	486.00
776.42	476.00
776.63	469.00
776.83	475.00
777.04	487.00
777.24	480.00
777.44	474.00
777.65	476.00
777.85	478.00
778.05	482.00
778.26	467.00
778.46	464.00
778.66	463.00
778.87	450.00
779.07	437.00
779.28	425.00
779.48	425.00
779.68	423.00
779.89	428.00
780.09	438.00
780.29	442.00
780.50	441.00
780.70	433.00
780.90	427.00
781.11	409.00
781.31	410.00
781.51	404.00
781.72	386.00
781.92	380.00
782.12	383.00
782.33	393.00
782.53	396.00
782.73	382.00
782.94	390.00
783.14	385.00
783.34	381.00
783.55	383.00
783.75	378.00
783.95	356.00
784.15	360.00
784.36	359.00
784.56	358.00
784.76	352.00
784.97	338.00
785.17	340.00
785.37	339.00
785.58	327.00
785.78	331.00
785.98	317.00
786.19	316.00
786.39	319.00
786.59	316.00
786.79	312.00
787.00	309.00
