339.90	0.00
340.13	69.00
340.37	69.00
340.60	70.00
340.83	70.00
341.06	70.00
341.29	71.00
341.52	71.00
341.75	74.00
341.98	75.00
342.21	76.00
342.44	76.00
342.67	75.00
342.91	77.00
343.14	78.00
343.37	78.00
343.60	76.00
343.83	76.00
344.06	75.00
344.29	77.00
344.52	78.00
344.75	78.00
344.98	78.00
345.21	77.00
345.44	77.00
345.68	76.00
345.91	78.00
346.14	84.00
346.37	89.00
346.60	93.00
346.83	91.00
347.06	94.00
347.29	94.00
347.52	94.00
347.75	95.00
347.98	95.00
348.21	94.00
348.44	95.00
348.67	93.00
348.90	92.00
349.14	92.00
349.37	93.00
349.60	97.00
349.83	98.00
350.06	99.00
350.29	100.00
350.52	100.00
350.75	99.00
350.98	96.00
351.21	96.00
351.44	102.00
351.67	99.00
351.90	98.00
352.13	95.00
352.36	95.00
352.59	101.00
352.82	102.00
353.05	103.00
353.29	105.00
353.52	108.00
353.75	106.00
353.98	104.00
354.21	104.00
354.44	102.00
354.67	103.00
354.90	100.00
355.13	100.00
355.36	100.00
355.59	101.00
355.82	106.00
356.05	105.00
356.28	104.00
356.51	105.00
356.74	98.00
356.97	100.00
357.20	103.00
357.43	101.00
357.66	100.00
357.89	98.00
358.12	97.00
358.35	97.00
358.58	100.00
358.81	108.00
359.04	108.00
359.27	110.00
359.50	113.00
359.73	108.00
359.96	109.00
360.19	106.00
360.42	101.00
360.65	103.00
360.88	113.00
361.11	112.00
361.34	108.00
361.57	106.00
361.80	110.00
362.03	118.00
362.26	116.00
362.49	115.00
362.72	113.00
362.95	117.00
363.18	115.00
363.41	119.00
363.64	124.00
363.87	114.00
364.10	111.00
364.33	115.00
364.56	118.00
364.79	122.00
365.02	126.00
365.25	126.00
365.48	123.00
365.71	126.00
365.94	129.00
366.17	129.00
366.40	132.00
366.63	131.00
366.86	128.00
367.09	132.00
367.32	130.00
367.55	132.00
367.78	125.00
368.01	131.00
368.24	131.00
368.47	131.00
368.70	136.00
368.93	138.00
369.16	139.00
369.39	142.00
369.62	140.00
369.85	133.00
370.08	135.00
370.31	133.00
370.54	138.00
370.77	141.00
371.00	141.00
371.23	137.00
371.46	135.00
371.69	137.00
371.92	141.00
372.15	139.00
372.38	136.00
372.61	139.00
372.84	126.00
373.07	127.00
373.30	134.00
373.53	137.00
373.76	136.00
373.98	138.00
374.21	127.00
374.44	136.00
374.67	141.00
374.90	151.00
375.13	150.00
375.36	150.00
375.59	149.00
375.82	150.00
376.05	148.00
376.28	148.00
376.51	156.00
376.74	162.00
376.97	163.00
377.20	175.00
377.43	181.00
377.66	182.00
377.89	180.00
378.12	176.00
378.34	172.00
378.57	166.00
378.80	167.00
379.03	166.00
379.26	171.00
379.49	169.00
379.72	176.00
379.95	178.00
380.18	185.00
380.41	187.00
380.64	181.00
380.87	175.00
381.10	172.00
381.33	164.00
381.55	163.00
381.78	163.00
382.01	150.00
382.24	148.00
382.47	148.00
382.70	144.00
382.93	144.00
383.16	146.00
383.39	153.00
383.62	163.00
383.85	177.00
384.08	183.00
384.30	186.00
384.53	200.00
384.76	197.00
384.99	187.00
385.22	180.00
385.45	179.00
385.68	195.00
385.91	188.00
386.14	194.00
386.37	191.00
386.60	200.00
386.82	195.00
387.05	194.00
387.28	188.00
387.51	191.00
387.74	203.00
387.97	188.00
388.20	194.00
388.43	203.00
388.66	217.00
388.88	213.00
389.11	233.00
389.34	231.00
389.57	241.00
389.80	236.00
390.03	234.00
390.26	247.00
390.49	254.00
390.72	264.00
390.94	273.00
391.17	268.00
391.40	255.00
391.63	246.00
391.86	233.00
392.09	213.00
392.32	189.00
392.55	161.00
392.77	162.00
393.00	155.00
393.23	175.00
393.46	194.00
393.69	206.00
393.92	226.00
394.15	235.00
394.38	260.00
394.60	279.00
394.83	281.00
395.06	262.00
395.29	260.00
395.52	247.00
395.75	226.00
395.98	198.00
396.20	183.00
396.43	181.00
396.66	197.00
396.89	223.00
397.12	256.00
397.35	294.00
397.58	302.00
397.80	312.00
398.03	332.00
398.26	335.00
398.49	343.00
398.72	350.00
398.95	354.00
399.17	344.00
399.40	367.00
399.63	370.00
399.86	382.00
400.09	385.00
400.32	402.00
400.54	389.00
400.77	380.00
401.00	398.00
401.23	389.00
401.46	398.00
401.69	411.00
401.91	398.00
402.14	415.00
402.37	414.00
402.60	399.00
402.83	396.00
403.06	411.00
403.28	418.00
403.51	433.00
403.74	409.00
403.97	405.00
404.20	414.00
404.43	409.00
404.65	396.00
404.88	406.00
405.11	406.00
405.34	417.00
405.57	397.00
405.79	382.00
406.02	400.00
406.25	408.00
406.48	409.00
406.71	417.00
406.93	434.00
407.16	422.00
407.39	436.00
407.62	449.00
407.85	439.00
408.08	485.00
408.30	495.00
408.53	511.00
408.76	482.00
408.99	491.00
409.22	487.00
409.44	458.00
409.67	437.00
409.90	451.00
410.13	451.00
410.35	461.00
410.58	475.00
410.81	508.00
411.04	508.00
411.27	529.00
411.49	522.00
411.72	520.00
411.95	514.00
412.18	524.00
412.41	536.00
412.63	540.00
412.86	543.00
413.09	565.00
413.32	543.00
413.54	557.00
413.77	524.00
414.00	534.00
414.23	528.00
414.46	533.00
414.68	521.00
414.91	546.00
415.14	557.00
415.37	563.00
415.59	580.00
415.82	591.00
416.05	604.00
416.28	597.00
416.50	556.00
416.73	520.00
416.96	548.00
417.19	556.00
417.41	548.00
417.64	581.00
417.87	604.00
418.10	607.00
418.33	602.00
418.55	594.00
418.78	585.00
419.01	574.00
419.24	574.00
419.46	561.00
419.69	579.00
419.92	616.00
420.14	612.00
420.37	587.00
420.60	636.00
420.83	637.00
421.05	637.00
421.28	679.00
421.51	686.00
421.74	661.00
421.96	618.00
422.19	584.00
422.42	638.00
422.65	622.00
422.87	613.00
423.10	636.00
423.33	670.00
423.56	683.00
423.78	693.00
424.01	701.00
424.24	689.00
424.46	638.00
424.69	652.00
424.92	660.00
425.15	674.00
425.37	663.00
425.60	641.00
425.83	701.00
426.05	741.00
426.28	691.00
426.51	647.00
426.74	638.00
426.96	659.00
427.19	678.00
427.42	662.00
427.64	648.00
427.87	685.00
428.10	654.00
428.33	631.00
428.55	648.00
428.78	663.00
429.01	661.00
429.23	613.00
429.46	587.00
429.69	575.00
429.92	556.00
430.14	507.00
430.37	531.00
430.60	564.00
430.82	606.00
431.05	711.00
431.28	792.00
431.50	788.00
431.73	769.00
431.96	700.00
432.18	716.00
432.41	742.00
432.64	746.00
432.86	786.00
433.09	752.00
433.32	679.00
433.55	689.00
433.77	736.00
434.00	744.00
434.23	787.00
434.45	771.00
434.68	779.00
434.91	789.00
435.13	809.00
435.36	864.00
435.59	872.00
435.81	865.00
436.04	872.00
436.27	895.00
436.49	887.00
436.72	867.00
436.95	870.00
437.17	896.00
437.40	886.00
437.63	800.00
437.85	731.00
438.08	782.00
438.31	784.00
438.53	792.00
438.76	829.00
438.99	832.00
439.21	848.00
439.44	865.00
439.66	864.00
439.89	821.00
440.12	822.00
440.34	869.00
440.57	880.00
440.80	866.00
441.02	868.00
441.25	938.00
441.48	944.00
441.70	919.00
441.93	976.00
442.16	1005.00
442.38	990.00
442.61	963.00
442.83	988.00
443.06	970.00
443.29	1015.00
443.51	966.00
443.74	958.00
443.97	1031.00
444.19	1005.00
444.42	990.00
444.64	967.00
444.87	976.00
445.10	943.00
445.32	945.00
445.55	897.00
445.78	904.00
446.00	973.00
446.23	968.00
446.45	942.00
446.68	976.00
446.91	998.00
447.13	1008.00
447.36	986.00
447.59	1015.00
447.81	1068.00
448.04	1062.00
448.26	1084.00
448.49	1061.00
448.72	1074.00
448.94	1028.00
449.17	1030.00
449.39	1040.00
449.62	1028.00
449.85	1114.00
450.07	1106.00
450.30	1145.00
450.52	1154.00
450.75	1141.00
450.98	1085.00
451.20	1060.00
451.43	1045.00
451.65	1127.00
451.88	1121.00
452.10	1080.00
452.33	1062.00
452.56	1018.00
452.78	1053.00
453.01	1082.00
453.23	1170.00
453.46	1155.00
453.69	1248.00
453.91	1218.00
454.14	1202.00
454.36	1190.00
454.59	1152.00
454.81	1193.00
455.04	1114.00
455.27	1205.00
455.49	1266.00
455.72	1248.00
455.94	1201.00
456.17	1232.00
456.39	1237.00
456.62	1258.00
456.85	1301.00
457.07	1191.00
457.30	1213.00
457.52	1244.00
457.75	1188.00
457.97	1182.00
458.20	1142.00
458.42	1220.00
458.65	1259.00
458.88	1236.00
459.10	1247.00
459.33	1242.00
459.55	1246.00
459.78	1238.00
460.00	1255.00
460.23	1262.00
460.45	1317.00
460.68	1351.00
460.91	1367.00
461.13	1373.00
461.36	1307.00
461.58	1298.00
461.81	1313.00
462.03	1359.00
462.26	1417.00
462.48	1366.00
462.71	1403.00
462.93	1391.00
463.16	1315.00
463.38	1294.00
463.61	1377.00
463.83	1334.00
464.06	1317.00
464.29	1340.00
464.51	1386.00
464.74	1437.00
464.96	1455.00
465.19	1423.00
465.41	1537.00
465.64	1514.00
465.86	1381.00
466.09	1358.00
466.31	1287.00
466.54	1405.00
466.76	1378.00
466.99	1393.00
467.21	1419.00
467.44	1359.00
467.66	1376.00
467.89	1433.00
468.11	1405.00
468.34	1395.00
468.56	1485.00
468.79	1481.00
469.01	1457.00
469.24	1445.00
469.46	1458.00
469.69	1432.00
469.91	1505.00
470.14	1515.00
470.36	1457.00
470.59	1585.00
470.81	1608.00
471.04	1533.00
471.26	1544.00
471.49	1594.00
471.71	1629.00
471.94	1653.00
472.16	1628.00
472.39	1653.00
472.61	1671.00
472.84	1633.00
473.06	1621.00
473.29	1627.00
473.51	1599.00
473.74	1612.00
473.96	1658.00
474.18	1771.00
474.41	1758.00
474.63	1683.00
474.86	1665.00
475.08	1669.00
475.31	1745.00
475.53	1661.00
475.76	1643.00
475.98	1774.00
476.21	1732.00
476.43	1709.00
476.66	1735.00
476.88	1759.00
477.11	1852.00
477.33	1826.00
477.55	1828.00
477.78	1927.00
478.00	2023.00
478.23	1916.00
478.45	1793.00
478.68	1899.00
478.90	2039.00
479.13	2047.00
479.35	1977.00
479.57	1925.00
479.80	1975.00
480.02	1967.00
480.25	2037.00
480.47	2172.00
480.70	2182.00
480.92	2159.00
481.15	2097.00
481.37	2013.00
481.59	2031.00
481.82	2027.00
482.04	2019.00
482.27	2074.00
482.49	2077.00
482.72	2136.00
482.94	2181.00
483.16	2160.00
483.39	2191.00
483.61	2177.00
483.84	2192.00
484.06	2260.00
484.29	2304.00
484.51	2215.00
484.73	2141.00
484.96	2127.00
485.18	2101.00
485.41	1948.00
485.63	1704.00
485.85	1683.00
486.08	1809.00
486.30	2056.00
486.53	2102.00
486.75	2029.00
486.97	2093.00
487.20	2106.00
487.42	2153.00
487.65	2143.00
487.87	2161.00
488.09	2129.00
488.32	2135.00
488.54	2077.00
488.77	2073.00
488.99	2165.00
489.21	2301.00
489.44	2378.00
489.66	2342.00
489.89	2298.00
490.11	2233.00
490.33	2321.00
490.56	2365.00
490.78	2395.00
491.01	2322.00
491.23	2191.00
491.45	2155.00
491.68	2213.00
491.90	2217.00
492.12	2343.00
492.35	2339.00
492.57	2372.00
492.80	2409.00
493.02	2406.00
493.24	2429.00
493.47	2295.00
493.69	2397.00
493.91	2413.00
494.14	2543.00
494.36	2629.00
494.59	2667.00
494.81	2588.00
495.03	2571.00
495.26	2402.00
495.48	2351.00
495.70	2379.00
495.93	2516.00
496.15	2441.00
496.37	2439.00
496.60	2437.00
496.82	2535.00
497.04	2545.00
497.27	2649.00
497.49	2625.00
497.71	2503.00
497.94	2347.00
498.16	2383.00
498.39	2504.00
498.61	2520.00
498.83	2474.00
499.06	2597.00
499.28	2709.00
499.50	2731.00
499.73	2600.00
499.95	2561.00
500.17	2533.00
500.40	2539.00
500.62	2569.00
500.84	2646.00
501.07	2404.00
501.29	2439.00
501.51	2492.00
501.74	2453.00
501.96	2448.00
502.18	2551.00
502.40	2598.00
502.63	2623.00
502.85	2529.00
503.07	2431.00
503.30	2381.00
503.52	2307.00
503.74	2321.00
503.97	2465.00
504.19	2517.00
504.41	2568.00
504.64	2465.00
504.86	2474.00
505.08	2561.00
505.31	2469.00
505.53	2567.00
505.75	2675.00
505.97	2731.00
506.20	2737.00
506.42	2689.00
506.64	2745.00
506.87	2743.00
507.09	2699.00
507.31	2661.00
507.53	2569.00
507.76	2589.00
507.98	2644.00
508.20	2650.00
508.43	2571.00
508.65	2693.00
508.87	2843.00
509.09	2798.00
509.32	2673.00
509.54	2531.00
509.76	2641.00
509.99	2686.00
510.21	2704.00
510.43	2570.00
510.65	2621.00
510.88	2745.00
511.10	2780.00
511.32	2831.00
511.55	2897.00
511.77	2925.00
511.99	2759.00
512.21	2698.00
512.44	2601.00
512.66	2585.00
512.88	2561.00
513.10	2594.00
513.33	2563.00
513.55	2453.00
513.77	2578.00
513.99	2579.00
514.22	2609.00
514.44	2684.00
514.66	2762.00
514.88	2785.00
515.11	2783.00
515.33	2824.00
515.55	2689.00
515.77	2733.00
516.00	2647.00
516.22	2469.00
516.44	2257.00
516.66	2140.00
516.89	2107.00
517.11	2290.00
517.33	2557.00
517.55	2644.00
517.78	2574.00
518.00	2351.00
518.22	2421.00
518.44	2696.00
518.66	2725.00
518.89	2650.00
519.11	2705.00
519.33	2760.00
519.55	2867.00
519.78	2831.00
520.00	2741.00
520.22	2687.00
520.44	2683.00
520.66	2665.00
520.89	2795.00
521.11	2899.00
521.33	2875.00
521.55	2728.00
521.78	2733.00
522.00	2597.00
522.22	2421.00
522.44	2299.00
522.66	2476.00
522.89	2583.00
523.11	2673.00
523.33	2781.00
523.55	2788.00
523.77	2829.00
524.00	2838.00
524.22	2908.00
524.44	2917.00
524.66	2887.00
524.88	2925.00
525.11	2913.00
525.33	2895.00
525.55	3053.00
525.77	2987.00
525.99	2618.00
526.21	2430.00
526.44	2457.00
526.66	2452.00
526.88	2501.00
527.10	2670.00
527.32	2747.00
527.55	2881.00
527.77	2961.00
527.99	2879.00
528.21	2843.00
528.43	3051.00
528.65	3249.00
528.88	3213.00
529.10	3045.00
529.32	2943.00
529.54	2901.00
529.76	2897.00
529.98	2915.00
530.21	2981.00
530.43	3067.00
530.65	3042.00
530.87	2988.00
531.09	2865.00
531.31	2637.00
531.54	2705.00
531.76	2842.00
531.98	3049.00
532.20	2886.00
532.42	2598.00
532.64	2528.00
532.86	2978.00
533.09	3249.00
533.31	3334.00
533.53	3109.00
533.75	2895.00
533.97	2980.00
534.19	3131.00
534.41	2922.00
534.64	2886.00
534.86	3007.00
535.08	2993.00
535.30	3138.00
535.52	3335.00
535.74	3215.00
535.96	2949.00
536.18	2845.00
536.41	2931.00
536.63	2921.00
536.85	2743.00
537.07	2957.00
537.29	3258.00
537.51	3242.00
537.73	3207.00
537.95	2966.00
538.18	2901.00
538.40	3064.00
538.62	3115.00
538.84	3097.00
539.06	3013.00
539.28	3005.00
539.50	2921.00
539.72	2873.00
539.94	2960.00
540.16	2861.00
540.39	2739.00
540.61	2884.00
540.83	2916.00
541.05	2953.00
541.27	2967.00
541.49	2978.00
541.71	3089.00
541.93	3047.00
542.15	2895.00
542.37	2982.00
542.60	2955.00
542.82	2743.00
543.04	2825.00
543.26	2881.00
543.48	2970.00
543.70	2943.00
543.92	3072.00
544.14	3067.00
544.36	2779.00
544.58	2841.00
544.80	3009.00
545.02	3013.00
545.25	3061.00
545.47	3025.00
545.69	3007.00
545.91	2935.00
546.13	2916.00
546.35	3091.00
546.57	3066.00
546.79	2881.00
547.01	2865.00
547.23	2875.00
547.45	2661.00
547.67	2843.00
547.89	2955.00
548.11	3098.00
548.33	3237.00
548.55	3104.00
548.77	2959.00
549.00	2879.00
549.22	2935.00
549.44	2908.00
549.66	2906.00
549.88	2861.00
550.10	2895.00
550.32	2789.00
550.54	2907.00
550.76	3293.00
550.98	3105.00
551.20	3128.00
551.42	3101.00
551.64	2982.00
551.86	2901.00
552.08	2887.00
552.30	2919.00
552.52	2727.00
552.74	2887.00
552.96	3029.00
553.18	3024.00
553.40	2957.00
553.62	2937.00
553.84	2923.00
554.06	3073.00
554.28	3113.00
554.50	3153.00
554.72	3253.00
554.94	3247.00
555.16	2979.00
555.38	3060.00
555.60	3079.00
555.82	3081.00
556.04	2975.00
556.26	3016.00
556.48	2895.00
556.70	2825.00
556.92	2871.00
557.14	2801.00
557.36	2927.00
557.58	2943.00
557.80	2817.00
558.02	2919.00
558.24	3059.00
558.46	2820.00
558.68	2849.00
558.90	2893.00
559.12	2899.00
559.34	2969.00
559.56	2653.00
559.78	2616.00
560.00	2701.00
560.22	3007.00
560.44	3091.00
560.66	3061.00
560.88	3041.00
561.10	2952.00
561.32	2685.00
561.54	2919.00
561.76	3060.00
561.98	3041.00
562.20	3021.00
562.42	3101.00
562.64	3135.00
562.86	3109.00
563.08	2969.00
563.30	2826.00
563.52	2899.00
563.74	3071.00
563.96	3121.00
564.18	3049.00
564.40	2933.00
564.62	2905.00
564.84	2952.00
565.06	2983.00
565.28	2973.00
565.49	2955.00
565.71	2869.00
565.93	2911.00
566.15	2899.00
566.37	2970.00
566.59	3075.00
566.81	3003.00
567.03	3081.00
567.25	3113.00
567.47	3257.00
567.69	3094.00
567.91	2847.00
568.13	2871.00
568.35	2731.00
568.57	2599.00
568.79	2611.00
569.00	2681.00
569.22	2913.00
569.44	3001.00
569.66	2889.00
569.88	2923.00
570.10	3037.00
570.32	3089.00
570.54	2949.00
570.76	2751.00
570.98	2788.00
571.20	3003.00
571.42	3122.00
571.63	3059.00
571.85	3138.00
572.07	3023.00
572.29	3009.00
572.51	2945.00
572.73	2913.00
572.95	2887.00
573.17	3035.00
573.39	2919.00
573.61	2875.00
573.82	2997.00
574.04	3058.00
574.26	2961.00
574.48	2969.00
574.70	3005.00
574.92	3031.00
575.14	2961.00
575.36	3135.00
575.58	3269.00
575.80	3019.00
576.01	2765.00
576.23	3015.00
576.45	3027.00
576.67	2955.00
576.89	2889.00
577.11	2779.00
577.33	2797.00
577.55	3029.00
577.76	2929.00
577.98	3105.00
578.20	3084.00
578.42	2956.00
578.64	2917.00
578.86	2973.00
579.08	2935.00
579.29	2924.00
579.51	2904.00
579.73	3122.00
579.95	3231.00
580.17	2959.00
580.39	2975.00
580.61	3182.00
580.82	3237.00
581.04	3169.00
581.26	3069.00
581.48	2996.00
581.70	3243.00
581.92	3425.00
582.14	3347.00
582.35	3120.00
582.57	3029.00
582.79	3181.00
583.01	3243.00
583.23	3279.00
583.45	3415.00
583.66	3338.00
583.88	3305.00
584.10	3376.00
584.32	3369.00
584.54	3163.00
584.76	3007.00
584.97	2997.00
585.19	3064.00
585.41	3137.00
585.63	3093.00
585.85	3252.00
586.06	3389.00
586.28	3271.00
586.50	3173.00
586.72	3127.00
586.94	3022.00
587.16	3074.00
587.37	3149.00
587.59	3033.00
587.81	2815.00
588.03	2907.00
588.25	2899.00
588.46	2661.00
588.68	2388.00
588.90	2485.00
589.12	2935.00
589.34	2639.00
589.55	2705.00
589.77	2721.00
589.99	3145.00
590.21	3112.00
590.43	2997.00
590.64	2943.00
590.86	2890.00
591.08	2834.00
591.30	2793.00
591.52	2809.00
591.73	2735.00
591.95	2697.00
592.17	2751.00
592.39	3129.00
592.60	3097.00
592.82	2943.00
593.04	2909.00
593.26	3049.00
593.47	3189.00
593.69	3043.00
593.91	2725.00
594.13	2779.00
594.35	2791.00
594.56	2956.00
594.78	2921.00
595.00	2823.00
595.22	2861.00
595.43	2890.00
595.65	2939.00
595.87	2927.00
596.09	2983.00
596.30	2901.00
596.52	2841.00
596.74	2921.00
596.96	2939.00
597.17	2957.00
597.39	2919.00
597.61	2997.00
597.83	2997.00
598.04	2790.00
598.26	2824.00
598.48	3059.00
598.70	3142.00
598.91	3029.00
599.13	2969.00
599.35	2871.00
599.56	2877.00
599.78	3055.00
600.00	3007.00
600.22	2924.00
600.43	3009.00
600.65	3076.00
600.87	3022.00
601.09	2863.00
601.30	2865.00
601.52	2941.00
601.74	2868.00
601.95	3027.00
602.17	3029.00
602.39	2973.00
602.61	2975.00
602.82	3024.00
603.04	2933.00
603.26	2989.00
603.47	2959.00
603.69	2954.00
603.91	3039.00
604.13	2995.00
604.34	3013.00
604.56	3069.00
604.78	3163.00
604.99	2958.00
605.21	2743.00
605.43	2865.00
605.64	3017.00
605.86	2857.00
606.08	2933.00
606.29	2971.00
606.51	3075.00
606.73	2989.00
606.94	2997.00
607.16	3050.00
607.38	3027.00
607.60	2887.00
607.81	2972.00
608.03	2941.00
608.25	2873.00
608.46	2947.00
608.68	2845.00
608.90	2857.00
609.11	2975.00
609.33	3154.00
609.55	3157.00
609.76	2955.00
609.98	2883.00
610.20	3039.00
610.41	2907.00
610.63	2878.00
610.85	2975.00
611.06	3081.00
611.28	3013.00
611.49	2975.00
611.71	2807.00
611.93	2853.00
612.14	2997.00
612.36	2907.00
612.58	2959.00
612.79	3068.00
613.01	2891.00
613.23	2820.00
613.44	2711.00
613.66	3045.00
613.88	2983.00
614.09	3015.00
614.31	2901.00
614.52	2849.00
614.74	3029.00
614.96	2993.00
615.17	2769.00
615.39	2905.00
615.61	2852.00
615.82	2517.00
616.04	2513.00
616.25	2616.00
616.47	2655.00
616.69	2569.00
616.90	2755.00
617.12	2930.00
617.34	2950.00
617.55	2961.00
617.77	2868.00
617.98	2841.00
618.20	2878.00
618.42	2857.00
618.63	2959.00
618.85	2875.00
619.06	2977.00
619.28	3093.00
619.50	3115.00
619.71	3039.00
619.93	2957.00
620.14	2857.00
620.36	2821.00
620.58	2825.00
620.79	2810.00
621.01	2833.00
621.22	2824.00
621.44	2881.00
621.65	2805.00
621.87	2829.00
622.09	2903.00
622.30	2973.00
622.52	2851.00
622.73	2624.00
622.95	2605.00
623.16	2769.00
623.38	2783.00
623.60	2833.00
623.81	2789.00
624.03	2581.00
624.24	2603.00
624.46	2609.00
624.67	2570.00
624.89	2568.00
625.11	2663.00
625.32	2607.00
625.54	2607.00
625.75	2719.00
625.97	2877.00
626.18	2757.00
626.40	2737.00
626.61	2589.00
626.83	2553.00
627.05	2757.00
627.26	2763.00
627.48	2529.00
627.69	2536.00
627.91	2602.00
628.12	2661.00
628.34	2714.00
628.55	2811.00
628.77	2768.00
628.98	2655.00
629.20	2598.00
629.41	2537.00
629.63	2481.00
629.84	2389.00
630.06	2569.00
630.28	2702.00
630.49	2684.00
630.71	2683.00
630.92	2727.00
631.14	2593.00
631.35	2556.00
631.57	2581.00
631.78	2617.00
632.00	2603.00
632.21	2794.00
632.43	2872.00
632.64	2804.00
632.86	2677.00
633.07	2654.00
633.29	2489.00
633.50	2477.00
633.72	2649.00
633.93	2667.00
634.15	2609.00
634.36	2691.00
634.58	2838.00
634.79	2807.00
635.01	2693.00
635.22	2570.00
635.44	2645.00
635.65	2633.00
635.87	2666.00
636.08	2657.00
636.30	2807.00
636.51	2731.00
636.73	2619.00
636.94	2579.00
637.16	2611.00
637.37	2615.00
637.58	2565.00
637.80	2584.00
638.01	2665.00
638.23	2749.00
638.44	2817.00
638.66	2802.00
638.87	2829.00
639.09	2752.00
639.30	2788.00
639.52	2663.00
639.73	2736.00
639.95	2652.00
640.16	2648.00
640.37	2629.00
640.59	2520.00
640.80	2436.00
641.02	2537.00
641.23	2645.00
641.45	2537.00
641.66	2443.00
641.88	2487.00
642.09	2631.00
642.30	2565.00
642.52	2591.00
642.73	2660.00
642.95	2816.00
643.16	2699.00
643.38	2581.00
643.59	2643.00
643.80	2714.00
644.02	2749.00
644.23	2612.00
644.45	2461.00
644.66	2456.00
644.88	2511.00
645.09	2473.00
645.30	2505.00
645.52	2468.00
645.73	2373.00
645.95	2341.00
646.16	2471.00
646.38	2559.00
646.59	2519.00
646.80	2345.00
647.02	2240.00
647.23	2306.00
647.45	2337.00
647.66	2306.00
647.87	2317.00
648.09	2338.00
648.30	2596.00
648.52	2588.00
648.73	2382.00
648.94	2196.00
649.16	2124.00
649.37	2335.00
649.58	2445.00
649.80	2493.00
650.01	2619.00
650.23	2778.00
650.44	2749.00
650.65	2625.00
650.87	2465.00
651.08	2241.00
651.30	2235.00
651.51	2352.00
651.72	2333.00
651.94	2381.00
652.15	2473.00
652.36	2463.00
652.58	2440.00
652.79	2387.00
653.00	2351.00
653.22	2469.00
653.43	2501.00
653.65	2559.00
653.86	2397.00
654.07	2239.00
654.29	2155.00
654.50	2177.00
654.71	2263.00
654.93	2190.00
655.14	2113.00
655.35	2039.00
655.57	1897.00
655.78	1605.00
655.99	1685.00
656.21	2025.00
656.42	2135.00
656.63	2155.00
656.85	2109.00
657.06	2123.00
657.27	2315.00
657.49	2498.00
657.70	2579.00
657.91	2570.00
658.13	2382.00
658.34	2258.00
658.55	2323.00
658.77	2237.00
658.98	2262.00
659.19	2153.00
659.41	2243.00
659.62	2261.00
659.83	2273.00
660.05	2221.00
660.26	2157.00
660.47	2192.00
660.69	2255.00
660.90	2376.00
661.11	2326.00
661.32	2373.00
661.54	2419.00
661.75	2274.00
661.96	2295.00
662.18	2378.00
662.39	2358.00
662.60	2339.00
662.82	2396.00
663.03	2366.00
663.24	2337.00
663.45	2331.00
663.67	2301.00
663.88	2362.00
664.09	2292.00
664.30	2242.00
664.52	2271.00
664.73	2195.00
664.94	2108.00
665.16	2205.00
665.37	2297.00
665.58	2304.00
665.79	2297.00
666.01	2405.00
666.22	2421.00
666.43	2385.00
666.64	2285.00
666.86	2163.00
667.07	2185.00
667.28	2256.00
667.50	2327.00
667.71	2271.00
667.92	2221.00
668.13	2171.00
668.35	2290.00
668.56	2302.00
668.77	2333.00
668.98	2312.00
669.20	2228.00
669.41	2176.00
669.62	2056.00
669.83	2006.00
670.04	1994.00
670.26	2020.00
670.47	2059.00
670.68	2066.00
670.89	2041.00
671.11	2009.00
671.32	2019.00
671.53	2011.00
671.74	2057.00
671.96	2112.00
672.17	2097.00
672.38	2130.00
672.59	2155.00
672.80	2136.00
673.02	2160.00
673.23	2051.00
673.44	1979.00
673.65	2015.00
673.87	2115.00
674.08	2158.00
674.29	2118.00
674.50	2093.00
674.71	2093.00
674.93	2064.00
675.14	2031.00
675.35	2043.00
675.56	2049.00
675.77	2093.00
675.99	2093.00
676.20	2133.00
676.41	2119.00
676.62	2065.00
676.83	2028.00
677.04	2021.00
677.26	1995.00
677.47	2034.00
677.68	2001.00
677.89	2047.00
678.10	2081.00
678.32	2075.00
678.53	2029.00
678.74	1994.00
678.95	1961.00
679.16	1956.00
679.37	2037.00
679.59	2099.00
679.80	2113.00
680.01	2101.00
680.22	1985.00
680.43	1983.00
680.64	2081.00
680.86	2109.00
681.07	2011.00
681.28	1936.00
681.49	1885.00
681.70	1861.00
681.91	1913.00
682.12	2027.00
682.34	2139.00
682.55	2103.00
682.76	2079.00
682.97	1981.00
683.18	1897.00
683.39	1834.00
683.60	1855.00
683.82	1827.00
684.03	1840.00
684.24	1883.00
684.45	1918.00
684.66	1901.00
684.87	1941.00
685.08	1926.00
685.30	1981.00
685.51	1914.00
685.72	1841.00
685.93	1650.00
686.14	1449.00
686.35	1227.00
686.56	1167.00
686.77	1232.00
686.98	1305.00
687.20	1413.00
687.41	1578.00
687.62	1694.00
687.83	1649.00
688.04	1627.00
688.25	1589.00
688.46	1589.00
688.67	1680.00
688.88	1612.00
689.09	1601.00
689.31	1572.00
689.52	1608.00
689.73	1643.00
689.94	1712.00
690.15	1717.00
690.36	1722.00
690.57	1674.00
690.78	1663.00
690.99	1683.00
691.20	1709.00
691.41	1666.00
691.62	1571.00
691.84	1612.00
692.05	1536.00
692.26	1510.00
692.47	1485.00
692.68	1479.00
692.89	1489.00
693.10	1463.00
693.31	1391.00
693.52	1341.00
693.73	1453.00
693.94	1569.00
694.15	1569.00
694.36	1512.00
694.57	1516.00
694.78	1514.00
694.99	1511.00
695.21	1476.00
695.42	1581.00
695.63	1680.00
695.84	1740.00
696.05	1747.00
696.26	1676.00
696.47	1625.00
696.68	1684.00
696.89	1646.00
697.10	1681.00
697.31	1659.00
697.52	1724.00
697.73	1705.00
697.94	1601.00
698.15	1483.00
698.36	1509.00
698.57	1474.00
698.78	1538.00
698.99	1502.00
699.20	1479.00
699.41	1506.00
699.62	1490.00
699.83	1446.00
700.04	1482.00
700.25	1562.00
700.46	1607.00
700.67	1539.00
700.88	1467.00
701.09	1453.00
701.30	1482.00
701.51	1523.00
701.72	1562.00
701.93	1459.00
702.14	1545.00
702.35	1608.00
702.56	1657.00
702.77	1641.00
702.98	1608.00
703.19	1578.00
703.40	1607.00
703.61	1591.00
703.82	1564.00
704.03	1559.00
704.24	1525.00
704.45	1487.00
704.66	1491.00
704.87	1449.00
705.08	1456.00
705.29	1497.00
705.50	1496.00
705.71	1525.00
705.92	1548.00
706.13	1603.00
706.34	1618.00
706.55	1572.00
706.76	1535.00
706.97	1507.00
707.18	1518.00
707.39	1549.00
707.60	1559.00
707.80	1547.00
708.01	1442.00
708.22	1441.00
708.43	1503.00
708.64	1575.00
708.85	1545.00
709.06	1509.00
709.27	1513.00
709.48	1548.00
709.69	1624.00
709.90	1639.00
710.11	1593.00
710.32	1574.00
710.53	1597.00
710.74	1575.00
710.95	1549.00
711.15	1507.00
711.36	1494.00
711.57	1490.00
711.78	1460.00
711.99	1432.00
712.20	1435.00
712.41	1487.00
712.62	1633.00
712.83	1611.00
713.04	1564.00
713.25	1529.00
713.46	1502.00
713.66	1534.00
713.87	1473.00
714.08	1474.00
714.29	1476.00
714.50	1385.00
714.71	1348.00
714.92	1389.00
715.13	1407.00
715.34	1357.00
715.54	1285.00
715.75	1165.00
715.96	1085.00
716.17	1037.00
716.38	944.00
716.59	921.00
716.80	849.00
717.01	950.00
717.22	922.00
717.42	973.00
717.63	889.00
717.84	884.00
718.05	849.00
718.26	801.00
718.47	815.00
718.68	810.00
718.88	808.00
719.09	808.00
719.30	845.00
719.51	808.00
719.72	839.00
719.93	895.00
720.14	1002.00
720.34	1102.00
720.55	1147.00
720.76	1193.00
720.97	1197.00
721.18	1208.00
721.39	1189.00
721.60	1193.00
721.80	1140.00
722.01	1096.00
722.22	985.00
722.43	902.00
722.64	860.00
722.85	866.00
723.05	908.00
723.26	959.00
723.47	883.00
723.68	870.00
723.89	891.00
724.10	915.00
724.30	858.00
724.51	906.00
724.72	872.00
724.93	979.00
725.14	918.00
725.34	874.00
725.55	845.00
725.76	940.00
725.97	939.00
726.18	1013.00
726.38	919.00
726.59	781.00
726.80	744.00
727.01	762.00
727.22	844.00
727.42	952.00
727.63	989.00
727.84	971.00
728.05	817.00
728.26	792.00
728.46	805.00
728.67	910.00
728.88	954.00
729.09	981.00
729.29	889.00
729.50	916.00
729.71	901.00
729.92	898.00
730.13	893.00
730.33	869.00
730.54	845.00
730.75	857.00
730.96	856.00
731.16	923.00
731.37	1004.00
731.58	972.00
731.79	940.00
731.99	963.00
732.20	948.00
732.41	955.00
732.62	1023.00
732.82	1013.00
733.03	1038.00
733.24	1031.00
733.45	1027.00
733.65	995.00
733.86	973.00
734.07	1025.00
734.28	1014.00
734.48	1020.00
734.69	1012.00
734.90	981.00
735.11	1006.00
735.31	1010.00
735.52	1028.00
735.73	1032.00
735.94	1038.00
736.14	1033.00
736.35	1023.00
736.56	1056.00
736.76	1101.00
736.97	1112.00
737.18	1038.00
737.39	1033.00
737.59	1029.00
737.80	1017.00
738.01	1014.00
738.21	956.00
738.42	938.00
738.63	949.00
738.83	963.00
739.04	1004.00
739.25	1036.00
739.46	1021.00
739.66	1017.00
739.87	987.00
740.08	980.00
740.28	940.00
740.49	984.00
740.70	982.00
740.90	1000.00
741.11	999.00
741.32	1000.00
741.52	1001.00
741.73	1005.00
741.94	1015.00
742.14	1029.00
742.35	969.00
742.56	931.00
742.76	893.00
742.97	905.00
743.18	914.00
743.38	877.00
743.59	907.00
743.80	922.00
744.00	912.00
744.21	921.00
744.42	949.00
744.62	967.00
744.83	949.00
745.04	910.00
745.24	937.00
745.45	933.00
745.66	950.00
745.86	966.00
746.07	941.00
746.28	919.00
746.48	905.00
746.69	902.00
746.89	897.00
747.10	909.00
747.31	918.00
747.51	927.00
747.72	899.00
747.93	882.00
748.13	858.00
748.34	855.00
748.54	880.00
748.75	861.00
748.96	868.00
749.16	870.00
749.37	859.00
749.58	880.00
749.78	868.00
749.99	862.00
750.19	856.00
750.40	873.00
750.61	854.00
750.81	844.00
751.02	840.00
751.22	817.00
751.43	815.00
751.64	809.00
751.84	815.00
752.05	818.00
752.25	819.00
752.46	823.00
752.66	794.00
752.87	799.00
753.08	808.00
753.28	815.00
753.49	827.00
753.69	829.00
753.90	797.00
754.11	787.00
754.31	786.00
754.52	777.00
754.72	754.00
754.93	748.00
755.13	753.00
755.34	749.00
755.54	764.00
755.75	773.00
755.96	761.00
756.16	759.00
756.37	744.00
756.57	763.00
756.78	773.00
756.98	744.00
757.19	735.00
757.39	746.00
757.60	755.00
757.81	733.00
758.01	642.00
758.22	501.00
758.42	387.00
758.63	303.00
758.83	247.00
759.04	220.00
759.24	195.00
759.45	204.00
759.65	210.00
759.86	237.00
760.06	278.00
760.27	352.00
760.47	460.00
760.68	497.00
760.88	461.00
761.09	388.00
761.29	353.00
761.50	328.00
761.70	309.00
761.91	320.00
762.11	321.00
762.32	358.00
762.52	354.00
762.73	362.00
762.93	376.00
763.14	395.00
763.34	416.00
763.55	407.00
763.75	454.00
763.96	453.00
764.16	468.00
764.37	499.00
764.57	488.00
764.78	500.00
764.98	502.00
765.19	499.00
765.39	532.00
765.60	537.00
765.80	575.00
766.01	603.00
766.21	605.00
766.42	585.00
766.62	583.00
766.83	568.00
767.03	580.00
767.24	588.00
767.44	583.00
767.64	591.00
767.85	610.00
768.05	597.00
768.26	617.00
768.46	612.00
768.67	605.00
768.87	598.00
769.08	606.00
769.28	620.00
769.48	618.00
769.69	616.00
769.89	621.00
770.10	594.00
770.30	583.00
770.51	599.00
770.71	588.00
770.91	594.00
771.12	584.00
771.32	584.00
771.53	568.00
771.73	555.00
771.94	570.00
772.14	555.00
772.34	545.00
772.55	540.00
772.75	532.00
772.96	512.00
773.16	506.00
773.36	501.00
773.57	491.00
773.77	495.00
773.98	495.00
774.18	494.00
774.38	498.00
774.59	503.00
774.79	493.00
775.00	487.00
775.20	479.00
775.40	499.00
775.61	481.00
775.81	473.00
776.02	460.00
776.22	457.00
776.42	468.00
776.63	474.00
776.83	475.00
777.04	471.00
777.24	487.00
777.44	460.00
777.65	459.00
777.85	461.00
778.05	460.00
778.26	457.00
778.46	454.00
778.66	449.00
778.87	449.00
779.07	434.00
779.28	429.00
779.48	405.00
779.68	402.00
779.89	423.00
780.09	430.00
780.29	423.00
780.50	418.00
780.70	429.00
780.90	432.00
781.11	410.00
781.31	408.00
781.51	395.00
781.72	377.00
781.92	367.00
782.12	385.00
782.33	369.00
782.53	381.00
782.73	384.00
782.94	389.00
783.14	385.00
783.34	371.00
783.55	367.00
783.75	352.00
783.95	358.00
784.15	365.00
784.36	352.00
784.56	353.00
784.76	351.00
784.97	342.00
785.17	337.00
785.37	331.00
785.58	334.00
785.78	318.00
785.98	322.00
786.19	316.00
786.39	326.00
786.59	308.00
786.79	307.00
787.00	295.00
